---Part D Program---
import sys
import numpy
import copy

size = 100
minus1 = [0] * size
minus2 = [0] * size
total = [0] * size
minus1[size-1] = 2
minus2[size-1] = 1
count = 3
sumStr = '0'
while len(str(sumStr)) < size:
    count = count + 1
    total = [0] * size
    upperBound = size - len(numpy.trim_zeros(minus1))
    for i in range(size-1, 0, -1):
        minus_1_ = minus1[i]
        minus_2_ = minus2[i]
        sum = minus_1_ + minus_2_
        sumPlusTotal = sum + total[i]
        if sumPlusTotal >= 10:
            singles = sumPlusTotal - (int(str(sumPlusTotal)[:1]) * 10)
            total[i] = singles
            carried = total[i - 1] + int(str(sumPlusTotal+total[i-1])[:1])
            total[i-1] = carried
        else:
            total[i] = total[i] + sum
    for i in range(99, upperBound, -1):
        if total[i] >= 10:
            total[i] = int(str(total[i])[1])
            total[i-1] = total[i-1] + int(str(total[i])[0])

    minus2 = copy.deepcopy(minus1)
    minus1 = copy.deepcopy(total)
    trimmed = numpy.trim_zeros(total, 'f')
    sumStr = ''.join(str(e) for e in trimmed)
    print "fib " + str(count) + ": " + str(trimmed)
trimmed = numpy.trim_zeros(minus2, 'f')
sumStr = ''.join(str(e) for e in trimmed)
print sumStr + " is the " + str(count - 1) + " fibonacci number and the largest fibonacci number that is 100 digits long"



---Part D Output---


fib 4: [3]
fib 5: [5]
fib 6: [8]
fib 7: [1, 3]
fib 8: [2, 1]
fib 9: [3, 4]
fib 10: [5, 5]
fib 11: [8, 9]
fib 12: [1, 4, 4]
fib 13: [2, 3, 3]
fib 14: [3, 7, 7]
fib 15: [6, 1, 0]
fib 16: [9, 8, 7]
fib 17: [1, 5, 9, 7]
fib 18: [2, 5, 8, 4]
fib 19: [4, 1, 8, 1]
fib 20: [6, 7, 6, 5]
fib 21: [1, 0, 9, 4, 6]
fib 22: [1, 7, 7, 1, 1]
fib 23: [2, 8, 6, 5, 7]
fib 24: [4, 6, 3, 6, 8]
fib 25: [7, 5, 0, 2, 5]
fib 26: [1, 2, 1, 3, 9, 3]
fib 27: [1, 9, 6, 4, 1, 8]
fib 28: [3, 1, 7, 8, 1, 1]
fib 29: [5, 1, 4, 2, 2, 9]
fib 30: [8, 3, 2, 0, 4, 0]
fib 31: [1, 3, 4, 6, 2, 6, 9]
fib 32: [2, 1, 7, 8, 3, 0, 9]
fib 33: [3, 5, 2, 4, 5, 7, 8]
fib 34: [5, 7, 0, 2, 8, 8, 7]
fib 35: [9, 2, 2, 7, 4, 6, 5]
fib 36: [1, 4, 9, 3, 0, 3, 5, 2]
fib 37: [2, 4, 1, 5, 7, 8, 1, 7]
fib 38: [3, 9, 0, 8, 8, 1, 6, 9]
fib 39: [6, 3, 2, 4, 5, 9, 8, 6]
fib 40: [1, 0, 2, 3, 3, 4, 1, 5, 5]
fib 41: [1, 6, 5, 5, 8, 0, 1, 4, 1]
fib 42: [2, 6, 7, 9, 1, 4, 2, 9, 6]
fib 43: [4, 3, 3, 4, 9, 4, 4, 3, 7]
fib 44: [7, 0, 1, 4, 0, 8, 7, 3, 3]
fib 45: [1, 1, 3, 4, 9, 0, 3, 1, 7, 0]
fib 46: [1, 8, 3, 6, 3, 1, 1, 9, 0, 3]
fib 47: [2, 9, 7, 1, 2, 1, 5, 0, 7, 3]
fib 48: [4, 8, 0, 7, 5, 2, 6, 9, 7, 6]
fib 49: [7, 7, 7, 8, 7, 4, 2, 0, 4, 9]
fib 50: [1, 2, 5, 8, 6, 2, 6, 9, 0, 2, 5]
fib 51: [2, 0, 3, 6, 5, 0, 1, 1, 0, 7, 4]
fib 52: [3, 2, 9, 5, 1, 2, 8, 0, 0, 9, 9]
fib 53: [5, 3, 3, 1, 6, 2, 9, 1, 1, 7, 3]
fib 54: [8, 6, 2, 6, 7, 5, 7, 1, 2, 7, 2]
fib 55: [1, 3, 9, 5, 8, 3, 8, 6, 2, 4, 4, 5]
fib 56: [2, 2, 5, 8, 5, 1, 4, 3, 3, 7, 1, 7]
fib 57: [3, 6, 5, 4, 3, 5, 2, 9, 6, 1, 6, 2]
fib 58: [5, 9, 1, 2, 8, 6, 7, 2, 9, 8, 7, 9]
fib 59: [9, 5, 6, 7, 2, 2, 0, 2, 6, 0, 4, 1]
fib 60: [1, 5, 4, 8, 0, 0, 8, 7, 5, 5, 9, 2, 0]
fib 61: [2, 5, 0, 4, 7, 3, 0, 7, 8, 1, 9, 6, 1]
fib 62: [4, 0, 5, 2, 7, 3, 9, 5, 3, 7, 8, 8, 1]
fib 63: [6, 5, 5, 7, 4, 7, 0, 3, 1, 9, 8, 4, 2]
fib 64: [1, 0, 6, 1, 0, 2, 0, 9, 8, 5, 7, 7, 2, 3]
fib 65: [1, 7, 1, 6, 7, 6, 8, 0, 1, 7, 7, 5, 6, 5]
fib 66: [2, 7, 7, 7, 7, 8, 9, 0, 0, 3, 5, 2, 8, 8]
fib 67: [4, 4, 9, 4, 5, 5, 7, 0, 2, 1, 2, 8, 5, 3]
fib 68: [7, 2, 7, 2, 3, 4, 6, 0, 2, 4, 8, 1, 4, 1]
fib 69: [1, 1, 7, 6, 6, 9, 0, 3, 0, 4, 6, 0, 9, 9, 4]
fib 70: [1, 9, 0, 3, 9, 2, 4, 9, 0, 7, 0, 9, 1, 3, 5]
fib 71: [3, 0, 8, 0, 6, 1, 5, 2, 1, 1, 7, 0, 1, 2, 9]
fib 72: [4, 9, 8, 4, 5, 4, 0, 1, 1, 8, 7, 9, 2, 6, 4]
fib 73: [8, 0, 6, 5, 1, 5, 5, 3, 3, 0, 4, 9, 3, 9, 3]
fib 74: [1, 3, 0, 4, 9, 6, 9, 5, 4, 4, 9, 2, 8, 6, 5, 7]
fib 75: [2, 1, 1, 1, 4, 8, 5, 0, 7, 7, 9, 7, 8, 0, 5, 0]
fib 76: [3, 4, 1, 6, 4, 5, 4, 6, 2, 2, 9, 0, 6, 7, 0, 7]
fib 77: [5, 5, 2, 7, 9, 3, 9, 7, 0, 0, 8, 8, 4, 7, 5, 7]
fib 78: [8, 9, 4, 4, 3, 9, 4, 3, 2, 3, 7, 9, 1, 4, 6, 4]
fib 79: [1, 4, 4, 7, 2, 3, 3, 4, 0, 2, 4, 6, 7, 6, 2, 2, 1]
fib 80: [2, 3, 4, 1, 6, 7, 2, 8, 3, 4, 8, 4, 6, 7, 6, 8, 5]
fib 81: [3, 7, 8, 8, 9, 0, 6, 2, 3, 7, 3, 1, 4, 3, 9, 0, 6]
fib 82: [6, 1, 3, 0, 5, 7, 9, 0, 7, 2, 1, 6, 1, 1, 5, 9, 1]
fib 83: [9, 9, 1, 9, 4, 8, 5, 3, 0, 9, 4, 7, 5, 5, 4, 9, 7]
fib 84: [1, 6, 0, 5, 0, 0, 6, 4, 3, 8, 1, 6, 3, 6, 7, 0, 8, 8]
fib 85: [2, 5, 9, 6, 9, 5, 4, 9, 6, 9, 1, 1, 1, 2, 2, 5, 8, 5]
fib 86: [4, 2, 0, 1, 9, 6, 1, 4, 0, 7, 2, 7, 4, 8, 9, 6, 7, 3]
fib 87: [6, 7, 9, 8, 9, 1, 6, 3, 7, 6, 3, 8, 6, 1, 2, 2, 5, 8]
fib 88: [1, 1, 0, 0, 0, 8, 7, 7, 7, 8, 3, 6, 6, 1, 0, 1, 9, 3, 1]
fib 89: [1, 7, 7, 9, 9, 7, 9, 4, 1, 6, 0, 0, 4, 7, 1, 4, 1, 8, 9]
fib 90: [2, 8, 8, 0, 0, 6, 7, 1, 9, 4, 3, 7, 0, 8, 1, 6, 1, 2, 0]
fib 91: [4, 6, 6, 0, 0, 4, 6, 6, 1, 0, 3, 7, 5, 5, 3, 0, 3, 0, 9]
fib 92: [7, 5, 4, 0, 1, 1, 3, 8, 0, 4, 7, 4, 6, 3, 4, 6, 4, 2, 9]
fib 93: [1, 2, 2, 0, 0, 1, 6, 0, 4, 1, 5, 1, 2, 1, 8, 7, 6, 7, 3, 8]
fib 94: [1, 9, 7, 4, 0, 2, 7, 4, 2, 1, 9, 8, 6, 8, 2, 2, 3, 1, 6, 7]
fib 95: [3, 1, 9, 4, 0, 4, 3, 4, 6, 3, 4, 9, 9, 0, 0, 9, 9, 9, 0, 5]
fib 96: [5, 1, 6, 8, 0, 7, 0, 8, 8, 5, 4, 8, 5, 8, 3, 2, 3, 0, 7, 2]
fib 97: [8, 3, 6, 2, 1, 1, 4, 3, 4, 8, 9, 8, 4, 8, 4, 2, 2, 9, 7, 7]
fib 98: [1, 3, 5, 3, 0, 1, 8, 5, 2, 3, 4, 4, 7, 0, 6, 7, 4, 6, 0, 4, 9]
fib 99: [2, 1, 8, 9, 2, 2, 9, 9, 5, 8, 3, 4, 5, 5, 5, 1, 6, 9, 0, 2, 6]
fib 100: [3, 5, 4, 2, 2, 4, 8, 4, 8, 1, 7, 9, 2, 6, 1, 9, 1, 5, 0, 7, 5]
fib 101: [5, 7, 3, 1, 4, 7, 8, 4, 4, 0, 1, 3, 8, 1, 7, 0, 8, 4, 1, 0, 1]
fib 102: [9, 2, 7, 3, 7, 2, 6, 9, 2, 1, 9, 3, 0, 7, 8, 9, 9, 9, 1, 7, 6]
fib 103: [1, 5, 0, 0, 5, 2, 0, 5, 3, 6, 2, 0, 6, 8, 9, 6, 0, 8, 3, 2, 7, 7]
fib 104: [2, 4, 2, 7, 8, 9, 3, 2, 2, 8, 3, 9, 9, 9, 7, 5, 0, 8, 2, 4, 5, 3]
fib 105: [3, 9, 2, 8, 4, 1, 3, 7, 6, 4, 6, 0, 6, 8, 7, 1, 1, 6, 5, 7, 3, 0]
fib 106: [6, 3, 5, 6, 3, 0, 6, 9, 9, 3, 0, 0, 6, 8, 4, 6, 2, 4, 8, 1, 8, 3]
fib 107: [1, 0, 2, 8, 4, 7, 2, 0, 7, 5, 7, 6, 1, 3, 7, 1, 7, 4, 1, 3, 9, 1, 3]
fib 108: [1, 6, 6, 4, 1, 0, 2, 7, 7, 5, 0, 6, 2, 0, 5, 6, 3, 6, 6, 2, 0, 9, 6]
fib 109: [2, 6, 9, 2, 5, 7, 4, 8, 5, 0, 8, 2, 3, 4, 2, 8, 1, 0, 7, 6, 0, 0, 9]
fib 110: [4, 3, 5, 6, 6, 7, 7, 6, 2, 5, 8, 8, 5, 4, 8, 4, 4, 7, 3, 8, 1, 0, 5]
fib 111: [7, 0, 4, 9, 2, 5, 2, 4, 7, 6, 7, 0, 8, 9, 1, 2, 5, 8, 1, 4, 1, 1, 4]
fib 112: [1, 1, 4, 0, 5, 9, 3, 0, 1, 0, 2, 5, 9, 4, 3, 9, 7, 0, 5, 5, 2, 2, 1, 9]
fib 113: [1, 8, 4, 5, 5, 1, 8, 2, 5, 7, 9, 3, 0, 3, 3, 0, 9, 6, 3, 6, 6, 3, 3, 3]
fib 114: [2, 9, 8, 6, 1, 1, 1, 2, 6, 8, 1, 8, 9, 7, 7, 0, 6, 6, 9, 1, 8, 5, 5, 2]
fib 115: [4, 8, 3, 1, 6, 2, 9, 5, 2, 6, 1, 2, 0, 1, 0, 1, 6, 3, 2, 8, 4, 8, 8, 5]
fib 116: [7, 8, 1, 7, 7, 4, 0, 7, 9, 4, 3, 0, 9, 8, 7, 2, 3, 0, 2, 0, 3, 4, 3, 7]
fib 117: [1, 2, 6, 4, 9, 3, 7, 0, 3, 2, 0, 4, 2, 9, 9, 7, 3, 9, 3, 4, 8, 8, 3, 2, 2]
fib 118: [2, 0, 4, 6, 7, 1, 1, 1, 1, 1, 4, 7, 3, 9, 8, 4, 6, 2, 3, 6, 9, 1, 7, 5, 9]
fib 119: [3, 3, 1, 1, 6, 4, 8, 1, 4, 3, 5, 1, 6, 9, 8, 2, 0, 1, 7, 1, 8, 0, 0, 8, 1]
fib 120: [5, 3, 5, 8, 3, 5, 9, 2, 5, 4, 9, 9, 0, 9, 6, 6, 6, 4, 0, 8, 7, 1, 8, 4, 0]
fib 121: [8, 6, 7, 0, 0, 0, 7, 3, 9, 8, 5, 0, 7, 9, 4, 8, 6, 5, 8, 0, 5, 1, 9, 2, 1]
fib 122: [1, 4, 0, 2, 8, 3, 6, 6, 6, 5, 3, 4, 9, 8, 9, 1, 5, 2, 9, 8, 9, 2, 3, 7, 6, 1]
fib 123: [2, 2, 6, 9, 8, 3, 7, 4, 0, 5, 2, 0, 0, 6, 8, 6, 3, 9, 5, 6, 9, 7, 5, 6, 8, 2]
fib 124: [3, 6, 7, 2, 6, 7, 4, 0, 7, 0, 5, 5, 0, 5, 7, 7, 9, 2, 5, 5, 8, 9, 9, 4, 4, 3]
fib 125: [5, 9, 4, 2, 5, 1, 1, 4, 7, 5, 7, 5, 1, 2, 6, 4, 3, 2, 1, 2, 8, 7, 5, 1, 2, 5]
fib 126: [9, 6, 1, 5, 1, 8, 5, 5, 4, 6, 3, 0, 1, 8, 4, 2, 2, 4, 6, 8, 7, 7, 4, 5, 6, 8]
fib 127: [1, 5, 5, 5, 7, 6, 9, 7, 0, 2, 2, 0, 5, 3, 1, 0, 6, 5, 6, 8, 1, 6, 4, 9, 6, 9, 3]
fib 128: [2, 5, 1, 7, 2, 8, 8, 2, 5, 6, 8, 3, 5, 4, 9, 4, 8, 8, 1, 5, 0, 4, 2, 4, 2, 6, 1]
fib 129: [4, 0, 7, 3, 0, 5, 7, 9, 5, 9, 0, 4, 0, 8, 0, 5, 5, 3, 8, 3, 2, 0, 7, 3, 9, 5, 4]
fib 130: [6, 5, 9, 0, 3, 4, 6, 2, 1, 5, 8, 7, 6, 3, 0, 0, 4, 1, 9, 8, 2, 4, 9, 8, 2, 1, 5]
fib 131: [1, 0, 6, 6, 3, 4, 0, 4, 1, 7, 4, 9, 1, 7, 1, 0, 5, 9, 5, 8, 1, 4, 5, 7, 2, 1, 6, 9]
fib 132: [1, 7, 2, 5, 3, 7, 5, 0, 3, 9, 0, 7, 9, 3, 4, 0, 6, 3, 7, 7, 9, 7, 0, 7, 0, 3, 8, 4]
fib 133: [2, 7, 9, 1, 7, 1, 5, 4, 5, 6, 5, 7, 1, 0, 5, 1, 2, 3, 3, 6, 1, 1, 6, 4, 2, 5, 5, 3]
fib 134: [4, 5, 1, 7, 0, 9, 0, 4, 9, 5, 6, 5, 0, 3, 9, 1, 8, 7, 1, 4, 0, 8, 7, 1, 2, 9, 3, 7]
fib 135: [7, 3, 0, 8, 8, 0, 5, 9, 5, 2, 2, 2, 1, 4, 4, 3, 1, 0, 5, 0, 2, 0, 3, 5, 5, 4, 9, 0]
fib 136: [1, 1, 8, 2, 5, 8, 9, 6, 4, 4, 7, 8, 7, 1, 8, 3, 4, 9, 7, 6, 4, 2, 9, 0, 6, 8, 4, 2, 7]
fib 137: [1, 9, 1, 3, 4, 7, 0, 2, 4, 0, 0, 0, 9, 3, 2, 7, 8, 0, 8, 1, 4, 4, 9, 4, 2, 3, 9, 1, 7]
fib 138: [3, 0, 9, 6, 0, 5, 9, 8, 8, 4, 7, 9, 6, 5, 1, 1, 3, 0, 5, 7, 8, 7, 8, 4, 9, 2, 3, 4, 4]
fib 139: [5, 0, 0, 9, 5, 3, 0, 1, 2, 4, 8, 0, 5, 8, 3, 9, 1, 1, 3, 9, 3, 2, 7, 9, 1, 6, 2, 6, 1]
fib 140: [8, 1, 0, 5, 5, 9, 0, 0, 0, 9, 6, 0, 2, 3, 5, 0, 4, 1, 9, 7, 2, 0, 6, 4, 0, 8, 6, 0, 5]
fib 141: [1, 3, 1, 1, 5, 1, 2, 0, 1, 3, 4, 4, 0, 8, 1, 8, 9, 5, 3, 3, 6, 5, 3, 4, 3, 2, 4, 8, 6, 6]
fib 142: [2, 1, 2, 2, 0, 7, 1, 0, 1, 4, 4, 0, 1, 0, 5, 3, 9, 9, 5, 3, 3, 7, 4, 0, 7, 3, 3, 4, 7, 1]
fib 143: [3, 4, 3, 3, 5, 8, 3, 0, 2, 7, 8, 4, 1, 8, 7, 2, 9, 4, 8, 7, 0, 2, 7, 5, 0, 5, 8, 3, 3, 7]
fib 144: [5, 5, 5, 5, 6, 5, 4, 0, 4, 2, 2, 4, 2, 9, 2, 6, 9, 4, 4, 0, 4, 0, 1, 5, 7, 9, 1, 8, 0, 8]
fib 145: [8, 9, 8, 9, 2, 3, 7, 0, 7, 0, 0, 8, 4, 7, 9, 9, 8, 9, 2, 7, 4, 2, 9, 0, 8, 5, 0, 1, 4, 5]
fib 146: [1, 4, 5, 4, 4, 8, 9, 1, 1, 1, 2, 3, 2, 7, 7, 2, 6, 8, 3, 6, 7, 8, 3, 0, 6, 6, 4, 1, 9, 5, 3]
fib 147: [2, 3, 5, 3, 4, 1, 2, 8, 1, 8, 2, 4, 1, 2, 5, 2, 6, 7, 2, 9, 5, 2, 5, 9, 7, 4, 9, 2, 0, 9, 8]
fib 148: [3, 8, 0, 7, 9, 0, 1, 9, 2, 9, 4, 7, 4, 0, 2, 5, 3, 5, 6, 6, 3, 0, 9, 0, 4, 1, 3, 4, 0, 5, 1]
fib 149: [6, 1, 6, 1, 3, 1, 4, 7, 4, 7, 7, 1, 5, 2, 7, 8, 0, 2, 9, 5, 8, 3, 5, 0, 1, 6, 2, 6, 1, 4, 9]
fib 150: [9, 9, 6, 9, 2, 1, 6, 6, 7, 7, 1, 8, 9, 3, 0, 3, 3, 8, 6, 2, 1, 4, 4, 0, 5, 7, 6, 0, 2, 0, 0]
fib 151: [1, 6, 1, 3, 0, 5, 3, 1, 4, 2, 4, 9, 0, 4, 5, 8, 1, 4, 1, 5, 7, 9, 7, 9, 0, 7, 3, 8, 6, 3, 4, 9]
fib 152: [2, 6, 0, 9, 9, 7, 4, 8, 1, 0, 2, 0, 9, 3, 8, 8, 4, 8, 0, 2, 0, 1, 2, 3, 1, 3, 1, 4, 6, 5, 4, 9]
fib 153: [4, 2, 2, 3, 0, 2, 7, 9, 5, 2, 6, 9, 9, 8, 4, 6, 6, 2, 1, 7, 8, 1, 0, 2, 2, 0, 5, 3, 2, 8, 9, 8]
fib 154: [6, 8, 3, 3, 0, 0, 2, 7, 6, 2, 9, 0, 9, 2, 3, 5, 1, 0, 1, 9, 8, 2, 2, 5, 3, 3, 6, 7, 9, 4, 4, 7]
fib 155: [1, 1, 0, 5, 6, 0, 3, 0, 7, 1, 5, 6, 0, 9, 0, 8, 1, 7, 2, 3, 7, 6, 3, 2, 7, 5, 4, 2, 1, 2, 3, 4, 5]
fib 156: [1, 7, 8, 8, 9, 0, 3, 3, 4, 7, 8, 5, 1, 8, 3, 1, 6, 8, 2, 5, 7, 4, 5, 5, 2, 8, 7, 8, 9, 1, 7, 9, 2]
fib 157: [2, 8, 9, 4, 5, 0, 6, 4, 1, 9, 4, 1, 2, 7, 3, 9, 8, 5, 4, 9, 5, 0, 8, 8, 0, 4, 2, 1, 0, 4, 1, 3, 7]
fib 158: [4, 6, 8, 3, 4, 0, 9, 7, 6, 7, 2, 6, 4, 5, 7, 1, 5, 3, 7, 5, 2, 5, 4, 3, 3, 2, 9, 9, 9, 5, 9, 2, 9]
fib 159: [7, 5, 7, 7, 9, 1, 6, 1, 8, 6, 6, 7, 7, 3, 1, 1, 3, 9, 2, 4, 7, 6, 3, 1, 3, 7, 2, 1, 0, 0, 0, 6, 6]
fib 160: [1, 2, 2, 6, 1, 3, 2, 5, 9, 5, 3, 9, 4, 1, 8, 8, 2, 9, 3, 0, 0, 0, 1, 7, 4, 7, 0, 2, 0, 9, 5, 9, 9, 5]
fib 161: [1, 9, 8, 3, 9, 2, 4, 2, 1, 4, 0, 6, 1, 9, 1, 9, 4, 3, 2, 2, 4, 7, 8, 0, 6, 0, 7, 4, 1, 9, 6, 0, 6, 1]
fib 162: [3, 2, 1, 0, 0, 5, 6, 8, 0, 9, 4, 5, 6, 1, 0, 7, 7, 2, 5, 2, 4, 7, 9, 8, 0, 7, 7, 6, 2, 9, 2, 0, 5, 6]
fib 163: [5, 1, 9, 3, 9, 8, 1, 0, 2, 3, 5, 1, 8, 0, 2, 7, 1, 5, 7, 4, 9, 5, 7, 8, 6, 8, 5, 0, 4, 8, 8, 1, 1, 7]
fib 164: [8, 4, 0, 4, 0, 3, 7, 8, 3, 2, 9, 7, 4, 1, 3, 4, 8, 8, 2, 7, 4, 3, 7, 6, 7, 6, 2, 6, 7, 8, 0, 1, 7, 3]
fib 165: [1, 3, 5, 9, 8, 0, 1, 8, 8, 5, 6, 4, 9, 2, 1, 6, 2, 0, 4, 0, 2, 3, 9, 5, 5, 4, 4, 7, 7, 2, 6, 8, 2, 9, 0]
fib 166: [2, 2, 0, 0, 2, 0, 5, 6, 6, 8, 9, 4, 6, 6, 2, 9, 6, 9, 2, 2, 9, 8, 3, 3, 2, 2, 1, 0, 4, 0, 4, 8, 4, 6, 3]
fib 167: [3, 5, 6, 0, 0, 0, 7, 5, 5, 4, 5, 9, 5, 8, 4, 5, 8, 9, 6, 3, 2, 2, 2, 8, 7, 6, 5, 8, 1, 3, 1, 6, 7, 5, 3]
fib 168: [5, 7, 6, 0, 2, 1, 3, 2, 2, 3, 5, 4, 2, 4, 7, 5, 5, 8, 8, 6, 2, 0, 6, 1, 9, 8, 6, 8, 5, 3, 6, 5, 2, 1, 6]
fib 169: [9, 3, 2, 0, 2, 2, 0, 7, 7, 8, 1, 3, 8, 3, 2, 1, 4, 8, 4, 9, 4, 2, 9, 0, 7, 5, 2, 6, 6, 6, 8, 1, 9, 6, 9]
fib 170: [1, 5, 0, 8, 0, 4, 3, 4, 0, 0, 1, 6, 8, 0, 7, 9, 7, 0, 7, 3, 5, 6, 3, 5, 2, 7, 3, 9, 5, 2, 0, 4, 7, 1, 8, 5]
fib 171: [2, 4, 4, 0, 0, 6, 5, 4, 7, 7, 9, 8, 1, 9, 1, 1, 8, 5, 5, 8, 5, 0, 6, 4, 3, 4, 9, 2, 1, 8, 7, 2, 9, 1, 5, 4]
fib 172: [3, 9, 4, 8, 1, 0, 8, 8, 7, 8, 1, 4, 9, 9, 9, 1, 5, 6, 3, 2, 0, 6, 9, 9, 6, 2, 3, 1, 7, 0, 7, 7, 6, 3, 3, 9]
fib 173: [6, 3, 8, 8, 1, 7, 4, 3, 5, 6, 1, 3, 1, 9, 0, 3, 4, 1, 9, 0, 5, 7, 6, 3, 9, 7, 2, 3, 8, 9, 5, 0, 5, 4, 9, 3]
fib 174: [1, 0, 3, 3, 6, 2, 8, 3, 2, 3, 4, 2, 8, 1, 8, 9, 4, 9, 8, 2, 2, 6, 4, 6, 3, 5, 9, 5, 5, 6, 0, 2, 8, 1, 8, 3, 2]
fib 175: [1, 6, 7, 2, 4, 4, 5, 7, 5, 9, 0, 4, 1, 3, 7, 9, 8, 4, 0, 1, 3, 2, 2, 2, 7, 5, 6, 7, 9, 4, 9, 7, 8, 7, 3, 2, 5]
fib 176: [2, 7, 0, 6, 0, 7, 4, 0, 8, 2, 4, 6, 9, 5, 6, 9, 3, 3, 8, 3, 5, 8, 6, 9, 1, 1, 6, 3, 5, 1, 0, 0, 6, 9, 1, 5, 7]
fib 177: [4, 3, 7, 8, 5, 1, 9, 8, 4, 1, 5, 1, 0, 9, 4, 9, 1, 7, 8, 4, 9, 0, 9, 1, 8, 7, 3, 1, 4, 5, 9, 8, 5, 6, 4, 8, 2]
fib 178: [7, 0, 8, 4, 5, 9, 3, 9, 2, 3, 9, 8, 0, 5, 1, 8, 5, 1, 6, 8, 4, 9, 6, 0, 9, 8, 9, 4, 9, 6, 9, 9, 2, 5, 6, 3, 9]
fib 179: [1, 1, 4, 6, 3, 1, 1, 3, 7, 6, 5, 4, 9, 1, 4, 6, 7, 6, 9, 5, 3, 4, 0, 5, 2, 8, 6, 2, 6, 4, 2, 9, 7, 8, 2, 1, 2, 1]
fib 180: [1, 8, 5, 4, 7, 7, 0, 7, 6, 8, 9, 4, 7, 1, 9, 8, 6, 2, 1, 2, 1, 9, 0, 1, 3, 8, 5, 2, 1, 3, 9, 9, 7, 0, 7, 7, 6, 0]
fib 181: [3, 0, 0, 1, 0, 8, 2, 1, 4, 5, 4, 9, 6, 3, 4, 5, 3, 9, 0, 7, 5, 3, 0, 6, 6, 7, 1, 4, 7, 8, 2, 9, 4, 8, 9, 8, 8, 1]
fib 182: [4, 8, 5, 5, 8, 5, 2, 9, 1, 4, 4, 4, 3, 5, 4, 4, 0, 1, 1, 9, 7, 2, 0, 8, 0, 5, 6, 6, 9, 2, 2, 9, 1, 9, 7, 6, 4, 1]
fib 183: [7, 8, 5, 6, 9, 3, 5, 0, 5, 9, 9, 3, 9, 8, 8, 9, 4, 0, 2, 7, 2, 5, 1, 4, 7, 2, 8, 1, 7, 0, 5, 8, 6, 8, 7, 5, 2, 2]
fib 184: [1, 2, 7, 1, 2, 7, 8, 7, 9, 7, 4, 3, 8, 3, 4, 3, 3, 4, 1, 4, 6, 9, 7, 2, 2, 7, 8, 4, 8, 6, 2, 8, 7, 8, 8, 5, 1, 6, 3]
fib 185: [2, 0, 5, 6, 9, 7, 2, 3, 0, 3, 4, 3, 2, 3, 3, 2, 2, 8, 1, 7, 4, 2, 2, 3, 7, 5, 1, 3, 0, 3, 3, 4, 6, 5, 7, 2, 6, 8, 5]
fib 186: [3, 3, 2, 8, 2, 5, 1, 1, 0, 0, 8, 7, 0, 6, 7, 5, 6, 2, 3, 2, 1, 1, 9, 6, 0, 2, 9, 7, 8, 9, 6, 3, 4, 4, 5, 7, 8, 4, 8]
fib 187: [5, 3, 8, 5, 2, 2, 3, 4, 0, 4, 3, 0, 3, 0, 0, 7, 9, 0, 4, 9, 5, 4, 1, 9, 7, 8, 1, 0, 9, 2, 9, 8, 1, 0, 3, 0, 5, 3, 3]
fib 188: [8, 7, 1, 3, 4, 7, 4, 5, 0, 5, 1, 7, 3, 6, 8, 3, 5, 2, 8, 1, 6, 6, 1, 5, 8, 1, 0, 8, 8, 2, 6, 1, 5, 4, 8, 8, 3, 8, 1]
fib 189: [1, 4, 0, 9, 8, 6, 9, 7, 9, 0, 9, 4, 7, 6, 6, 9, 1, 4, 3, 3, 1, 2, 0, 3, 5, 5, 9, 1, 9, 7, 5, 5, 9, 6, 5, 1, 8, 9, 1, 4]
fib 190: [2, 2, 8, 1, 2, 1, 7, 2, 4, 1, 4, 6, 5, 0, 3, 7, 4, 9, 6, 1, 2, 8, 6, 5, 1, 4, 0, 2, 8, 5, 8, 2, 1, 2, 0, 0, 7, 2, 9, 5]
fib 191: [3, 6, 9, 1, 0, 8, 7, 0, 3, 2, 4, 1, 2, 7, 0, 6, 6, 3, 9, 4, 4, 0, 6, 8, 6, 9, 9, 4, 8, 3, 3, 8, 0, 8, 5, 2, 6, 2, 0, 9]
fib 192: [5, 9, 7, 2, 3, 0, 4, 2, 7, 3, 8, 7, 7, 7, 4, 4, 1, 3, 5, 5, 6, 9, 3, 3, 8, 3, 9, 7, 6, 9, 2, 0, 2, 0, 5, 3, 3, 5, 0, 4]
fib 193: [9, 6, 6, 3, 3, 9, 1, 3, 0, 6, 2, 9, 0, 4, 5, 0, 7, 7, 5, 0, 1, 0, 0, 2, 5, 3, 9, 2, 5, 2, 5, 8, 2, 9, 0, 5, 9, 7, 1, 3]
fib 194: [1, 5, 6, 3, 5, 6, 9, 5, 5, 8, 0, 1, 6, 8, 1, 9, 4, 9, 1, 0, 5, 7, 9, 3, 6, 3, 7, 9, 0, 2, 1, 7, 8, 4, 9, 5, 9, 3, 2, 1, 7]
fib 195: [2, 5, 2, 9, 9, 0, 8, 6, 8, 8, 6, 4, 5, 8, 6, 4, 5, 6, 8, 5, 5, 8, 9, 3, 8, 9, 1, 8, 2, 7, 4, 3, 6, 7, 8, 6, 5, 2, 9, 3, 0]
fib 196: [4, 0, 9, 3, 4, 7, 8, 2, 4, 6, 6, 6, 2, 6, 8, 4, 0, 5, 9, 6, 1, 6, 8, 7, 5, 2, 9, 7, 2, 9, 6, 1, 5, 2, 8, 2, 4, 6, 1, 4, 7]
fib 197: [6, 6, 2, 3, 3, 8, 6, 9, 3, 5, 3, 0, 8, 5, 4, 8, 6, 2, 8, 1, 7, 5, 8, 1, 4, 2, 1, 5, 5, 7, 0, 5, 2, 0, 6, 8, 9, 9, 0, 7, 7]
fib 198: [1, 0, 7, 1, 6, 8, 6, 5, 1, 8, 1, 9, 7, 1, 2, 3, 2, 6, 8, 7, 7, 9, 2, 6, 8, 9, 5, 1, 2, 8, 6, 6, 6, 7, 3, 5, 1, 4, 5, 2, 2, 4]
fib 199: [1, 7, 3, 4, 0, 2, 5, 2, 1, 1, 7, 2, 7, 9, 7, 8, 1, 3, 1, 5, 9, 6, 8, 5, 0, 3, 7, 2, 8, 4, 3, 7, 1, 9, 4, 2, 0, 4, 4, 3, 0, 1]
fib 200: [2, 8, 0, 5, 7, 1, 1, 7, 2, 9, 9, 2, 5, 1, 0, 1, 4, 0, 0, 3, 7, 6, 1, 1, 9, 3, 2, 4, 1, 3, 0, 3, 8, 6, 7, 7, 1, 8, 9, 5, 2, 5]
fib 201: [4, 5, 3, 9, 7, 3, 6, 9, 4, 1, 6, 5, 3, 0, 7, 9, 5, 3, 1, 9, 7, 2, 9, 6, 9, 6, 9, 6, 9, 7, 4, 1, 0, 6, 1, 9, 2, 3, 3, 8, 2, 6]
fib 202: [7, 3, 4, 5, 4, 4, 8, 6, 7, 1, 5, 7, 8, 1, 8, 0, 9, 3, 2, 3, 4, 9, 0, 8, 9, 0, 2, 1, 1, 0, 4, 4, 9, 2, 9, 6, 4, 2, 3, 3, 5, 1]
fib 203: [1, 1, 8, 8, 5, 1, 8, 5, 6, 1, 3, 2, 3, 1, 2, 6, 0, 4, 6, 4, 3, 2, 2, 0, 5, 8, 7, 1, 8, 0, 7, 8, 5, 9, 9, 1, 5, 6, 5, 7, 1, 7, 7]
fib 204: [1, 9, 2, 3, 0, 6, 3, 4, 2, 8, 4, 8, 0, 9, 4, 4, 1, 3, 9, 6, 6, 7, 1, 1, 4, 7, 7, 3, 9, 1, 8, 3, 0, 9, 2, 1, 2, 0, 8, 0, 5, 2, 8]
fib 205: [3, 1, 1, 1, 5, 8, 1, 9, 8, 9, 8, 0, 4, 0, 7, 0, 1, 8, 6, 0, 9, 9, 3, 2, 0, 6, 4, 5, 7, 2, 6, 1, 6, 9, 1, 2, 7, 7, 3, 7, 7, 0, 5]
fib 206: [5, 0, 3, 4, 6, 4, 5, 4, 1, 8, 2, 8, 5, 0, 1, 4, 3, 2, 5, 7, 6, 6, 4, 3, 5, 4, 1, 9, 6, 4, 4, 4, 7, 8, 3, 3, 9, 8, 1, 8, 2, 3, 3]
fib 207: [8, 1, 4, 6, 2, 2, 7, 4, 0, 8, 0, 8, 9, 0, 8, 4, 5, 1, 1, 8, 6, 5, 7, 5, 6, 0, 6, 5, 3, 7, 0, 6, 4, 7, 4, 6, 7, 5, 5, 5, 9, 3, 8]
fib 208: [1, 3, 1, 8, 0, 8, 7, 2, 8, 2, 6, 3, 7, 4, 0, 9, 8, 8, 3, 7, 6, 3, 2, 1, 9, 1, 4, 8, 5, 0, 1, 5, 1, 2, 5, 8, 0, 7, 3, 7, 4, 1, 7, 1]
fib 209: [2, 1, 3, 2, 7, 1, 0, 0, 2, 3, 4, 4, 6, 3, 1, 8, 3, 3, 4, 9, 4, 9, 7, 9, 4, 7, 5, 5, 0, 3, 8, 5, 7, 7, 3, 2, 7, 4, 9, 3, 0, 1, 0, 9]
fib 210: [3, 4, 5, 0, 7, 9, 7, 3, 0, 6, 0, 8, 3, 7, 2, 8, 2, 1, 8, 7, 1, 3, 0, 1, 3, 9, 0, 3, 5, 4, 0, 0, 8, 9, 9, 0, 8, 2, 3, 0, 4, 2, 8, 0]
fib 211: [5, 5, 8, 3, 5, 0, 7, 3, 2, 9, 5, 3, 0, 0, 4, 6, 5, 5, 3, 6, 6, 2, 8, 0, 8, 6, 5, 8, 5, 7, 8, 6, 6, 7, 2, 3, 5, 7, 2, 3, 4, 3, 8, 9]
fib 212: [9, 0, 3, 4, 3, 0, 4, 6, 3, 5, 6, 1, 3, 7, 7, 4, 7, 7, 2, 3, 7, 5, 8, 2, 2, 5, 6, 2, 1, 1, 8, 7, 5, 7, 1, 4, 3, 9, 5, 3, 8, 6, 6, 9]
fib 213: [1, 4, 6, 1, 7, 8, 1, 1, 9, 6, 5, 1, 4, 3, 8, 2, 1, 3, 2, 6, 0, 3, 8, 6, 3, 1, 2, 2, 0, 6, 9, 7, 4, 2, 4, 3, 7, 9, 6, 7, 7, 3, 0, 5, 8]
fib 214: [2, 3, 6, 5, 2, 1, 1, 6, 6, 0, 0, 7, 5, 7, 5, 9, 6, 0, 9, 8, 4, 1, 4, 4, 5, 3, 7, 8, 2, 8, 1, 6, 1, 8, 1, 5, 2, 3, 6, 3, 1, 1, 7, 2, 7]
fib 215: [3, 8, 2, 6, 9, 9, 2, 8, 5, 6, 5, 9, 0, 1, 4, 1, 7, 4, 2, 4, 4, 5, 3, 0, 8, 5, 0, 0, 3, 5, 1, 3, 6, 0, 5, 9, 0, 3, 3, 0, 8, 4, 7, 8, 5]
fib 216: [6, 1, 9, 2, 2, 0, 4, 5, 1, 6, 6, 6, 5, 9, 0, 1, 3, 5, 2, 2, 8, 6, 7, 5, 3, 8, 7, 8, 6, 3, 2, 9, 7, 8, 7, 4, 2, 6, 9, 3, 9, 6, 5, 1, 2]
fib 217: [1, 0, 0, 1, 9, 1, 9, 7, 3, 7, 3, 2, 5, 6, 0, 4, 3, 0, 9, 4, 7, 3, 2, 0, 6, 2, 3, 7, 8, 9, 8, 4, 3, 3, 9, 3, 3, 3, 0, 2, 4, 8, 1, 2, 9, 7]
fib 218: [1, 6, 2, 1, 1, 4, 0, 1, 8, 8, 9, 9, 2, 1, 9, 4, 4, 4, 4, 7, 0, 1, 8, 8, 1, 6, 2, 5, 7, 6, 1, 7, 3, 1, 8, 0, 7, 5, 7, 1, 8, 7, 7, 8, 0, 9]
fib 219: [2, 6, 2, 3, 0, 5, 9, 9, 2, 6, 3, 1, 7, 7, 9, 8, 7, 5, 4, 1, 7, 5, 0, 8, 7, 8, 6, 3, 6, 6, 0, 1, 6, 5, 7, 4, 0, 8, 7, 4, 3, 5, 9, 1, 0, 6]
fib 220: [4, 2, 4, 4, 2, 0, 0, 1, 1, 5, 3, 0, 9, 9, 9, 3, 1, 9, 8, 8, 7, 6, 9, 6, 9, 4, 8, 9, 4, 2, 1, 8, 9, 7, 5, 4, 8, 4, 4, 6, 2, 3, 6, 9, 1, 5]
fib 221: [6, 8, 6, 7, 2, 6, 0, 0, 4, 1, 6, 2, 7, 7, 9, 1, 9, 5, 3, 0, 5, 2, 0, 5, 7, 3, 5, 3, 0, 8, 2, 0, 6, 3, 2, 8, 9, 3, 2, 0, 5, 9, 6, 0, 2, 1]
fib 222: [1, 1, 1, 1, 1, 4, 6, 0, 1, 5, 6, 9, 3, 7, 7, 8, 5, 1, 5, 1, 9, 2, 9, 0, 2, 6, 8, 4, 2, 5, 0, 3, 9, 6, 0, 8, 3, 7, 7, 6, 6, 8, 3, 2, 9, 3, 6]
fib 223: [1, 7, 9, 7, 8, 7, 2, 0, 1, 9, 8, 5, 6, 5, 5, 7, 7, 1, 0, 4, 9, 8, 1, 0, 8, 4, 1, 9, 5, 5, 8, 6, 0, 2, 4, 1, 2, 7, 0, 8, 7, 4, 2, 8, 9, 5, 7]
fib 224: [2, 9, 0, 9, 0, 1, 8, 0, 3, 5, 5, 5, 0, 3, 3, 6, 2, 2, 5, 6, 9, 1, 0, 1, 1, 1, 0, 3, 8, 0, 8, 9, 9, 8, 4, 9, 6, 4, 8, 5, 4, 2, 6, 1, 8, 9, 3]
fib 225: [4, 7, 0, 6, 8, 9, 0, 0, 5, 5, 4, 0, 6, 8, 9, 3, 9, 3, 6, 1, 8, 9, 1, 1, 9, 5, 2, 3, 3, 6, 7, 6, 0, 0, 9, 0, 9, 1, 9, 4, 1, 6, 9, 0, 8, 5, 0]
fib 226: [7, 6, 1, 5, 9, 0, 8, 0, 9, 0, 9, 5, 7, 2, 3, 0, 1, 6, 1, 8, 8, 0, 1, 3, 0, 6, 2, 7, 1, 7, 6, 5, 9, 9, 4, 0, 5, 6, 7, 9, 5, 9, 5, 2, 7, 4, 3]
fib 227: [1, 2, 3, 2, 2, 7, 9, 8, 1, 4, 6, 3, 6, 4, 1, 2, 4, 0, 9, 8, 0, 6, 9, 2, 5, 0, 1, 5, 0, 5, 4, 4, 2, 0, 0, 3, 1, 4, 8, 7, 3, 7, 6, 4, 3, 5, 9, 3]
fib 228: [1, 9, 9, 3, 8, 7, 0, 6, 2, 3, 7, 3, 2, 1, 3, 5, 4, 2, 5, 9, 9, 4, 9, 3, 8, 0, 7, 7, 7, 7, 2, 0, 7, 9, 9, 7, 2, 0, 5, 5, 3, 3, 5, 9, 6, 3, 3, 6]
fib 229: [3, 2, 2, 6, 1, 5, 0, 4, 3, 8, 3, 6, 8, 5, 4, 7, 8, 3, 5, 8, 0, 1, 8, 6, 3, 0, 9, 2, 8, 2, 6, 5, 0, 0, 0, 0, 3, 5, 4, 2, 7, 1, 2, 3, 9, 9, 2, 9]
fib 230: [5, 2, 2, 0, 0, 2, 1, 0, 6, 2, 1, 0, 0, 6, 8, 3, 2, 6, 1, 7, 9, 6, 8, 0, 1, 1, 7, 0, 5, 9, 8, 5, 7, 9, 9, 7, 5, 5, 9, 8, 0, 4, 8, 3, 6, 2, 6, 5]
fib 231: [8, 4, 4, 6, 1, 7, 1, 5, 0, 0, 4, 6, 9, 2, 3, 1, 0, 9, 7, 5, 9, 8, 6, 6, 4, 2, 6, 3, 4, 2, 5, 0, 7, 9, 9, 7, 9, 1, 4, 0, 7, 6, 0, 7, 6, 1, 9, 4]
fib 232: [1, 3, 6, 6, 6, 1, 9, 2, 5, 6, 2, 5, 6, 9, 9, 1, 4, 3, 5, 9, 3, 9, 5, 4, 6, 5, 4, 3, 4, 0, 2, 3, 6, 5, 9, 9, 5, 4, 7, 3, 8, 8, 0, 9, 1, 2, 4, 5, 9]
fib 233: [2, 2, 1, 1, 2, 3, 6, 4, 0, 6, 3, 0, 3, 9, 1, 4, 5, 4, 5, 6, 9, 9, 4, 1, 2, 9, 6, 9, 7, 4, 4, 8, 7, 3, 9, 9, 3, 3, 8, 7, 9, 5, 6, 9, 8, 8, 6, 5, 3]
fib 234: [3, 5, 7, 7, 8, 5, 5, 6, 6, 2, 5, 6, 0, 9, 0, 5, 9, 8, 1, 6, 3, 8, 9, 5, 9, 5, 1, 3, 1, 4, 7, 2, 3, 9, 9, 8, 8, 8, 6, 1, 8, 3, 7, 9, 0, 1, 1, 1, 2]
fib 235: [5, 7, 8, 9, 0, 9, 2, 0, 6, 8, 8, 6, 4, 8, 2, 0, 5, 2, 7, 3, 3, 8, 3, 7, 2, 4, 8, 2, 8, 9, 2, 1, 1, 3, 9, 8, 2, 2, 4, 9, 7, 9, 4, 8, 8, 9, 7, 6, 5]
fib 236: [9, 3, 6, 6, 9, 4, 7, 7, 3, 1, 4, 2, 5, 7, 2, 6, 5, 0, 8, 9, 7, 7, 3, 3, 1, 9, 9, 6, 0, 3, 9, 3, 5, 3, 9, 7, 1, 1, 1, 1, 6, 3, 2, 7, 9, 0, 8, 7, 7]
fib 237: [1, 5, 1, 5, 6, 0, 3, 9, 8, 0, 0, 2, 9, 0, 5, 4, 7, 0, 3, 6, 3, 1, 5, 7, 0, 4, 4, 7, 8, 9, 3, 1, 4, 6, 7, 9, 5, 3, 3, 6, 1, 4, 2, 7, 6, 8, 0, 6, 4, 2]
fib 238: [2, 4, 5, 2, 2, 9, 8, 7, 5, 3, 1, 7, 1, 6, 2, 7, 3, 5, 4, 5, 2, 9, 3, 0, 3, 6, 4, 7, 4, 9, 7, 0, 8, 2, 1, 9, 2, 4, 4, 7, 3, 0, 6, 0, 4, 7, 1, 5, 1, 9]
fib 239: [3, 9, 6, 7, 9, 0, 2, 7, 3, 3, 2, 0, 0, 6, 8, 2, 0, 5, 8, 1, 6, 0, 8, 7, 4, 0, 9, 5, 3, 9, 0, 2, 2, 8, 9, 8, 7, 7, 8, 3, 4, 4, 8, 8, 1, 5, 2, 1, 6, 1]
fib 240: [6, 4, 2, 0, 2, 0, 1, 4, 8, 6, 3, 7, 2, 3, 0, 9, 4, 1, 2, 6, 9, 0, 1, 7, 7, 7, 4, 2, 8, 8, 7, 3, 1, 1, 1, 8, 0, 2, 3, 0, 7, 5, 4, 8, 6, 2, 3, 6, 8, 0]
fib 241: [1, 0, 3, 8, 8, 1, 0, 4, 2, 1, 9, 5, 7, 2, 9, 9, 1, 4, 7, 0, 8, 5, 1, 0, 5, 1, 8, 3, 8, 2, 7, 7, 5, 4, 0, 1, 6, 8, 0, 1, 4, 2, 0, 3, 6, 7, 7, 5, 8, 4, 1]
fib 242: [1, 6, 8, 0, 8, 3, 0, 5, 7, 0, 5, 9, 4, 5, 3, 0, 0, 8, 8, 3, 5, 4, 1, 2, 2, 9, 5, 8, 1, 1, 6, 4, 8, 5, 1, 3, 4, 8, 2, 4, 4, 9, 5, 8, 5, 3, 9, 9, 5, 2, 1]
fib 243: [2, 7, 1, 9, 6, 4, 0, 9, 9, 2, 5, 5, 1, 8, 2, 9, 2, 3, 5, 4, 3, 9, 2, 2, 8, 1, 4, 1, 9, 4, 4, 2, 3, 9, 1, 5, 1, 6, 2, 5, 9, 1, 6, 2, 2, 1, 7, 5, 3, 6, 2]
fib 244: [4, 4, 0, 0, 4, 7, 1, 5, 6, 3, 1, 4, 6, 3, 5, 9, 3, 2, 3, 7, 9, 3, 3, 5, 1, 1, 0, 0, 0, 6, 0, 7, 2, 4, 2, 8, 6, 4, 5, 0, 4, 1, 2, 0, 7, 5, 7, 4, 8, 8, 3]
fib 245: [7, 1, 2, 0, 1, 1, 2, 5, 5, 5, 6, 9, 8, 1, 8, 8, 5, 5, 9, 2, 3, 2, 5, 7, 9, 2, 4, 2, 0, 0, 4, 9, 6, 3, 4, 3, 8, 0, 7, 6, 3, 2, 8, 2, 9, 7, 5, 0, 2, 4, 5]
fib 246: [1, 1, 5, 2, 0, 5, 8, 4, 1, 1, 8, 8, 4, 4, 5, 4, 7, 8, 8, 3, 0, 2, 5, 9, 3, 0, 3, 4, 2, 0, 6, 5, 6, 8, 7, 7, 2, 4, 5, 2, 6, 7, 4, 0, 3, 7, 3, 2, 5, 1, 2, 8]
fib 247: [1, 8, 6, 4, 0, 6, 9, 6, 6, 7, 4, 5, 4, 2, 7, 3, 6, 4, 4, 2, 2, 5, 8, 5, 0, 9, 5, 8, 4, 0, 7, 0, 6, 5, 1, 1, 6, 2, 6, 0, 3, 0, 6, 8, 6, 7, 0, 7, 5, 3, 7, 3]
fib 248: [3, 0, 1, 6, 1, 2, 8, 0, 7, 9, 3, 3, 8, 7, 2, 8, 4, 3, 2, 5, 2, 8, 4, 4, 3, 9, 9, 2, 6, 1, 3, 6, 3, 3, 8, 8, 8, 7, 1, 2, 9, 8, 0, 9, 0, 4, 4, 0, 0, 5, 0, 1]
fib 249: [4, 8, 8, 0, 1, 9, 7, 7, 4, 6, 7, 9, 3, 0, 0, 2, 0, 7, 6, 7, 5, 4, 2, 9, 4, 9, 5, 1, 0, 2, 0, 6, 9, 9, 0, 0, 4, 9, 7, 3, 2, 8, 7, 7, 7, 1, 4, 7, 5, 8, 7, 4]
fib 250: [7, 8, 9, 6, 3, 2, 5, 8, 2, 6, 1, 3, 1, 7, 3, 0, 5, 0, 9, 2, 8, 2, 7, 3, 8, 9, 4, 3, 6, 3, 4, 3, 3, 2, 8, 9, 3, 6, 8, 6, 2, 6, 8, 6, 7, 5, 8, 7, 6, 3, 7, 5]
fib 251: [1, 2, 7, 7, 6, 5, 2, 3, 5, 7, 2, 9, 2, 4, 7, 3, 2, 5, 8, 6, 0, 3, 7, 0, 3, 3, 8, 9, 4, 6, 5, 5, 0, 3, 1, 8, 9, 8, 6, 5, 9, 5, 5, 6, 4, 4, 7, 3, 5, 2, 2, 4, 9]
fib 252: [2, 0, 6, 7, 2, 8, 4, 9, 3, 9, 9, 0, 5, 6, 4, 6, 3, 0, 9, 5, 3, 1, 9, 7, 7, 2, 8, 3, 8, 2, 8, 9, 3, 6, 4, 7, 9, 2, 3, 4, 5, 8, 2, 5, 1, 2, 3, 2, 2, 8, 6, 2, 4]
fib 253: [3, 3, 4, 4, 9, 3, 7, 2, 9, 7, 1, 9, 8, 1, 1, 9, 5, 6, 8, 1, 3, 5, 6, 8, 0, 6, 7, 3, 2, 9, 4, 4, 3, 9, 6, 6, 9, 1, 0, 0, 5, 3, 8, 1, 5, 7, 0, 5, 8, 0, 8, 7, 3]
fib 254: [5, 4, 1, 2, 2, 2, 2, 2, 3, 7, 1, 0, 3, 7, 6, 5, 8, 7, 7, 6, 6, 7, 6, 5, 7, 9, 5, 7, 1, 2, 3, 3, 7, 6, 1, 4, 8, 3, 3, 5, 1, 2, 0, 6, 6, 9, 3, 8, 0, 9, 4, 9, 7]
fib 255: [8, 7, 5, 7, 1, 5, 9, 5, 3, 4, 3, 0, 1, 8, 8, 5, 4, 4, 5, 8, 0, 3, 3, 3, 8, 6, 3, 0, 4, 1, 7, 8, 1, 5, 8, 1, 7, 4, 3, 5, 6, 5, 8, 8, 2, 6, 4, 3, 9, 0, 3, 7, 0]
fib 256: [1, 4, 1, 6, 9, 3, 8, 1, 7, 7, 1, 4, 0, 5, 6, 5, 1, 3, 2, 3, 4, 7, 0, 9, 9, 6, 5, 8, 7, 5, 4, 1, 1, 9, 1, 9, 6, 5, 7, 7, 0, 7, 7, 9, 4, 9, 5, 8, 1, 9, 9, 8, 6, 7]
fib 257: [2, 2, 9, 2, 6, 5, 4, 1, 3, 0, 5, 7, 0, 7, 5, 3, 6, 7, 6, 9, 2, 7, 4, 3, 3, 5, 2, 1, 7, 9, 5, 9, 0, 0, 7, 7, 8, 3, 2, 0, 6, 4, 3, 8, 3, 2, 2, 2, 5, 9, 0, 2, 3, 7]
fib 258: [3, 7, 0, 9, 5, 9, 2, 3, 0, 7, 7, 1, 1, 3, 1, 8, 8, 0, 9, 2, 7, 4, 5, 3, 3, 1, 8, 0, 5, 5, 0, 0, 1, 9, 9, 7, 4, 8, 9, 7, 7, 2, 1, 7, 8, 1, 8, 0, 7, 9, 0, 1, 0, 4]
fib 259: [6, 0, 0, 2, 2, 4, 6, 4, 3, 8, 2, 8, 2, 0, 7, 2, 4, 8, 6, 2, 0, 1, 9, 6, 6, 7, 0, 2, 3, 4, 5, 9, 2, 0, 7, 5, 3, 2, 1, 8, 3, 6, 5, 6, 1, 4, 0, 3, 3, 8, 0, 3, 4, 1]
fib 260: [9, 7, 1, 1, 8, 3, 8, 7, 4, 5, 9, 9, 3, 3, 9, 1, 2, 9, 5, 4, 7, 6, 4, 9, 9, 8, 8, 2, 8, 9, 5, 9, 4, 0, 7, 2, 8, 1, 1, 6, 0, 8, 7, 3, 9, 5, 8, 4, 1, 7, 0, 4, 4, 5]
fib 261: [1, 5, 7, 1, 4, 0, 8, 5, 1, 8, 4, 2, 7, 5, 4, 6, 3, 7, 8, 1, 6, 7, 8, 4, 6, 6, 5, 8, 5, 2, 4, 1, 8, 6, 1, 4, 8, 1, 3, 3, 4, 4, 5, 3, 0, 0, 9, 8, 7, 5, 5, 0, 7, 8, 6]
fib 262: [2, 5, 4, 2, 5, 9, 2, 3, 9, 3, 0, 2, 6, 8, 8, 5, 5, 0, 7, 7, 1, 5, 4, 9, 6, 6, 4, 6, 8, 1, 3, 7, 8, 0, 2, 2, 0, 9, 4, 5, 0, 5, 4, 0, 4, 0, 5, 7, 1, 7, 2, 1, 2, 3, 1]
fib 263: [4, 1, 1, 4, 0, 0, 0, 9, 1, 1, 4, 5, 4, 4, 3, 1, 8, 8, 5, 8, 8, 3, 3, 4, 3, 3, 0, 5, 3, 3, 7, 9, 6, 6, 3, 6, 9, 0, 7, 8, 4, 9, 9, 3, 4, 1, 5, 5, 9, 2, 7, 2, 0, 1, 7]
fib 264: [6, 6, 5, 6, 5, 9, 3, 3, 0, 4, 4, 8, 1, 3, 1, 7, 3, 9, 3, 5, 9, 8, 8, 3, 9, 9, 5, 2, 1, 5, 1, 7, 4, 6, 5, 9, 0, 0, 2, 3, 5, 5, 3, 3, 8, 2, 1, 3, 0, 9, 9, 3, 2, 4, 8]
fib 265: [1, 0, 7, 7, 0, 5, 9, 4, 2, 1, 5, 9, 3, 5, 7, 4, 9, 2, 7, 9, 4, 8, 2, 1, 8, 3, 2, 5, 7, 4, 8, 9, 7, 1, 2, 9, 5, 9, 1, 0, 2, 0, 5, 2, 7, 2, 3, 6, 9, 0, 2, 6, 5, 2, 6, 5]
fib 266: [1, 7, 4, 2, 7, 1, 8, 7, 5, 2, 0, 4, 1, 7, 0, 6, 6, 6, 7, 3, 0, 8, 1, 0, 2, 3, 2, 0, 9, 6, 4, 1, 4, 5, 9, 5, 4, 9, 1, 2, 5, 6, 0, 6, 1, 0, 5, 8, 2, 1, 2, 5, 8, 5, 1, 3]
fib 267: [2, 8, 1, 9, 7, 7, 8, 1, 7, 3, 6, 3, 5, 2, 8, 1, 5, 9, 5, 2, 5, 6, 3, 2, 0, 6, 4, 6, 7, 1, 3, 1, 1, 7, 2, 5, 0, 8, 2, 2, 7, 6, 5, 8, 8, 2, 9, 5, 1, 1, 5, 2, 3, 7, 7, 8]
fib 268: [4, 5, 6, 2, 4, 9, 6, 9, 2, 5, 6, 7, 6, 9, 8, 8, 2, 6, 2, 5, 6, 4, 4, 2, 2, 9, 6, 7, 6, 7, 7, 2, 6, 3, 2, 0, 5, 7, 3, 5, 3, 2, 6, 4, 9, 3, 5, 3, 3, 2, 7, 8, 2, 2, 9, 1]
fib 269: [7, 3, 8, 2, 2, 7, 5, 0, 9, 9, 3, 1, 2, 2, 6, 9, 8, 5, 7, 8, 2, 0, 7, 4, 3, 6, 1, 4, 3, 9, 0, 3, 8, 0, 4, 5, 6, 5, 5, 8, 0, 9, 2, 3, 7, 6, 4, 8, 4, 4, 3, 0, 6, 0, 6, 9]
fib 270: [1, 1, 9, 4, 4, 7, 7, 2, 0, 2, 4, 9, 8, 9, 2, 5, 8, 1, 2, 0, 3, 8, 5, 1, 6, 6, 5, 8, 2, 0, 6, 7, 6, 4, 3, 6, 6, 2, 2, 9, 3, 4, 1, 8, 8, 7, 0, 0, 1, 7, 7, 0, 8, 8, 3, 6, 0]
fib 271: [1, 9, 3, 2, 7, 0, 4, 7, 1, 2, 4, 3, 0, 1, 5, 2, 7, 9, 7, 8, 2, 0, 5, 9, 1, 0, 1, 9, 6, 4, 5, 8, 0, 2, 4, 1, 1, 8, 8, 5, 1, 5, 1, 1, 2, 4, 6, 5, 0, 2, 1, 3, 9, 4, 4, 2, 9]
fib 272: [3, 1, 2, 7, 1, 8, 1, 9, 1, 4, 9, 2, 9, 0, 7, 8, 6, 0, 9, 8, 5, 9, 1, 0, 7, 6, 7, 7, 8, 5, 2, 5, 6, 6, 7, 7, 8, 1, 1, 4, 4, 9, 3, 0, 1, 1, 6, 5, 1, 9, 8, 4, 8, 2, 7, 8, 9]
fib 273: [5, 0, 5, 9, 8, 8, 6, 6, 2, 7, 3, 5, 9, 2, 3, 1, 4, 0, 7, 6, 7, 9, 6, 9, 8, 6, 9, 7, 4, 9, 8, 3, 6, 9, 1, 8, 9, 9, 9, 9, 6, 4, 4, 1, 3, 6, 3, 0, 2, 1, 9, 8, 7, 7, 2, 1, 8]
fib 274: [8, 1, 8, 7, 0, 6, 8, 5, 4, 2, 2, 8, 8, 3, 1, 0, 0, 1, 7, 5, 3, 8, 8, 0, 6, 3, 7, 5, 3, 5, 0, 9, 3, 5, 9, 6, 8, 1, 1, 4, 1, 3, 7, 1, 4, 7, 9, 5, 4, 1, 8, 3, 6, 0, 0, 0, 7]
fib 275: [1, 3, 2, 4, 6, 9, 5, 5, 1, 6, 9, 6, 4, 7, 5, 4, 1, 4, 2, 5, 2, 1, 8, 5, 0, 5, 0, 7, 2, 8, 4, 9, 3, 0, 5, 1, 5, 8, 1, 1, 3, 7, 8, 1, 2, 8, 4, 2, 5, 6, 3, 8, 2, 3, 7, 2, 2, 5]
fib 276: [2, 1, 4, 3, 4, 0, 2, 3, 7, 1, 1, 9, 3, 5, 8, 5, 1, 4, 4, 2, 7, 5, 7, 3, 1, 1, 4, 4, 8, 2, 0, 0, 2, 4, 1, 1, 2, 6, 2, 2, 7, 9, 1, 8, 4, 3, 2, 2, 1, 0, 5, 6, 5, 9, 7, 2, 3, 2]
fib 277: [3, 4, 6, 8, 0, 9, 7, 8, 8, 8, 1, 5, 8, 3, 3, 9, 2, 8, 6, 7, 9, 7, 5, 8, 1, 6, 5, 2, 1, 0, 4, 9, 5, 4, 6, 2, 8, 4, 3, 4, 1, 6, 9, 9, 7, 1, 6, 4, 6, 6, 9, 4, 8, 3, 4, 4, 5, 7]
fib 278: [5, 6, 1, 1, 5, 0, 0, 2, 5, 9, 3, 5, 1, 9, 2, 4, 4, 3, 1, 0, 7, 3, 3, 1, 2, 7, 9, 6, 9, 2, 4, 9, 7, 8, 7, 4, 1, 0, 5, 6, 9, 6, 1, 8, 1, 4, 8, 6, 7, 7, 5, 1, 4, 3, 1, 6, 8, 9]
fib 279: [9, 0, 7, 9, 5, 9, 8, 1, 4, 7, 5, 1, 0, 2, 6, 3, 7, 1, 7, 8, 7, 0, 8, 9, 4, 4, 4, 9, 0, 2, 9, 9, 3, 3, 3, 6, 9, 4, 9, 1, 1, 3, 1, 7, 8, 6, 5, 1, 4, 4, 4, 6, 2, 6, 6, 1, 4, 6]
fib 280: [1, 4, 6, 9, 1, 0, 9, 8, 4, 0, 6, 8, 6, 2, 1, 8, 8, 1, 4, 8, 9, 4, 4, 2, 0, 7, 2, 4, 5, 9, 5, 4, 9, 1, 2, 1, 1, 0, 5, 4, 8, 0, 9, 3, 6, 0, 1, 3, 8, 2, 1, 9, 7, 6, 9, 7, 8, 3, 5]
fib 281: [2, 3, 7, 7, 0, 6, 9, 6, 5, 5, 4, 3, 7, 2, 4, 5, 1, 8, 6, 6, 8, 1, 5, 1, 0, 1, 6, 9, 4, 9, 8, 4, 8, 4, 5, 4, 8, 0, 0, 3, 9, 2, 2, 5, 3, 8, 7, 8, 9, 6, 6, 4, 3, 9, 6, 3, 9, 8, 1]
fib 282: [3, 8, 4, 6, 1, 7, 9, 4, 9, 6, 1, 2, 3, 4, 6, 4, 0, 0, 1, 5, 7, 5, 9, 3, 0, 8, 9, 4, 0, 9, 3, 9, 7, 5, 7, 5, 9, 0, 5, 8, 7, 3, 1, 8, 9, 8, 9, 2, 7, 8, 8, 4, 1, 6, 6, 1, 8, 1, 6]
fib 283: [6, 2, 2, 3, 2, 4, 9, 1, 5, 1, 5, 6, 0, 7, 0, 9, 1, 8, 8, 2, 5, 7, 4, 4, 1, 0, 6, 3, 5, 9, 2, 4, 6, 0, 3, 0, 7, 0, 6, 2, 6, 5, 4, 4, 3, 7, 7, 1, 7, 5, 4, 8, 5, 6, 2, 5, 7, 9, 7]
fib 284: [1, 0, 0, 6, 9, 4, 2, 8, 6, 4, 7, 6, 8, 4, 1, 7, 3, 1, 8, 9, 8, 3, 3, 3, 7, 1, 9, 5, 7, 6, 8, 6, 4, 3, 6, 0, 6, 6, 1, 2, 1, 3, 8, 6, 3, 3, 6, 6, 4, 5, 4, 3, 2, 7, 2, 8, 7, 6, 1, 3]
fib 285: [1, 6, 2, 9, 2, 6, 7, 7, 7, 9, 9, 2, 4, 4, 8, 8, 2, 3, 7, 8, 0, 9, 0, 8, 1, 3, 0, 2, 1, 2, 7, 8, 8, 9, 6, 3, 7, 3, 1, 8, 4, 0, 4, 0, 7, 7, 4, 3, 6, 2, 9, 8, 1, 2, 9, 1, 3, 4, 1, 0]
fib 286: [2, 6, 3, 6, 2, 1, 0, 6, 4, 4, 6, 9, 2, 9, 0, 5, 5, 5, 6, 7, 9, 2, 4, 1, 8, 4, 9, 7, 8, 9, 6, 5, 3, 3, 2, 4, 3, 9, 3, 0, 5, 4, 2, 7, 1, 1, 1, 0, 0, 8, 4, 1, 4, 0, 2, 0, 1, 0, 2, 3]
fib 287: [4, 2, 6, 5, 4, 7, 8, 4, 2, 4, 6, 1, 7, 3, 9, 3, 7, 9, 4, 6, 0, 1, 4, 9, 9, 8, 0, 0, 0, 2, 4, 4, 2, 2, 8, 8, 1, 2, 4, 8, 9, 4, 6, 7, 8, 8, 5, 3, 7, 1, 3, 9, 5, 3, 1, 1, 4, 4, 3, 3]
fib 288: [6, 9, 0, 1, 6, 8, 9, 0, 6, 9, 3, 1, 0, 2, 9, 9, 3, 5, 1, 3, 9, 3, 9, 1, 8, 2, 9, 7, 9, 2, 0, 9, 5, 6, 1, 2, 5, 1, 7, 9, 4, 8, 9, 4, 9, 9, 6, 3, 7, 9, 8, 0, 9, 3, 3, 1, 5, 4, 5, 6]
fib 289: [1, 1, 1, 6, 7, 1, 6, 7, 4, 9, 3, 9, 2, 7, 6, 9, 3, 1, 4, 5, 9, 9, 5, 4, 1, 8, 0, 9, 7, 9, 4, 5, 3, 7, 9, 0, 0, 6, 4, 2, 8, 4, 3, 6, 2, 8, 8, 1, 7, 5, 1, 2, 0, 4, 6, 4, 2, 9, 8, 8, 9]
fib 290: [1, 8, 0, 6, 8, 8, 5, 6, 5, 6, 3, 2, 3, 7, 9, 9, 2, 4, 9, 7, 3, 8, 9, 3, 3, 6, 3, 9, 5, 8, 6, 6, 3, 3, 5, 1, 3, 1, 6, 0, 7, 9, 2, 5, 7, 8, 7, 8, 1, 3, 1, 0, 1, 3, 9, 7, 4, 5, 3, 4, 5]
fib 291: [2, 9, 2, 3, 6, 0, 2, 4, 0, 5, 7, 1, 6, 5, 6, 8, 5, 6, 4, 3, 3, 8, 4, 7, 5, 4, 4, 9, 3, 8, 1, 1, 7, 1, 4, 1, 3, 8, 0, 3, 6, 3, 6, 2, 0, 7, 5, 9, 8, 8, 2, 2, 1, 8, 6, 1, 7, 5, 2, 3, 4]
fib 292: [4, 7, 3, 0, 4, 8, 8, 0, 6, 2, 0, 4, 0, 3, 6, 7, 8, 1, 4, 0, 7, 7, 4, 0, 9, 0, 8, 8, 9, 6, 7, 8, 0, 4, 9, 2, 6, 9, 6, 4, 4, 2, 8, 7, 8, 6, 3, 8, 0, 1, 3, 2, 3, 2, 5, 9, 2, 0, 5, 7, 9]
fib 293: [7, 6, 5, 4, 0, 9, 0, 4, 6, 7, 7, 5, 6, 9, 3, 6, 3, 7, 8, 4, 1, 5, 8, 8, 4, 5, 3, 8, 3, 4, 8, 9, 7, 6, 3, 4, 0, 7, 6, 8, 0, 6, 4, 9, 9, 3, 9, 7, 8, 9, 5, 4, 5, 1, 2, 0, 9, 5, 8, 1, 3]
fib 294: [1, 2, 3, 8, 4, 5, 7, 8, 5, 2, 9, 7, 9, 7, 3, 0, 4, 1, 9, 2, 4, 9, 3, 2, 9, 3, 6, 2, 7, 3, 1, 6, 7, 8, 1, 2, 6, 7, 7, 3, 2, 4, 9, 3, 7, 8, 0, 3, 5, 9, 0, 8, 6, 8, 3, 8, 0, 1, 6, 3, 9, 2]
fib 295: [2, 0, 0, 3, 8, 6, 6, 8, 9, 9, 7, 5, 5, 4, 2, 4, 0, 5, 7, 0, 9, 0, 9, 1, 7, 8, 1, 6, 5, 6, 6, 5, 7, 5, 7, 6, 0, 8, 5, 0, 0, 5, 5, 8, 7, 7, 4, 3, 3, 8, 0, 4, 1, 3, 5, 0, 1, 1, 2, 2, 0, 5]
fib 296: [3, 2, 4, 2, 3, 2, 4, 7, 5, 2, 7, 3, 5, 1, 5, 4, 4, 7, 6, 3, 4, 0, 2, 4, 7, 1, 7, 9, 2, 9, 8, 2, 5, 3, 8, 8, 7, 6, 2, 3, 3, 0, 5, 2, 5, 5, 4, 6, 9, 7, 1, 2, 8, 1, 8, 8, 1, 2, 8, 5, 9, 7]
fib 297: [5, 2, 4, 6, 1, 9, 1, 6, 5, 2, 4, 9, 0, 5, 7, 8, 5, 3, 3, 4, 3, 1, 1, 6, 4, 9, 9, 5, 8, 6, 4, 8, 2, 9, 6, 4, 8, 4, 7, 3, 3, 6, 1, 1, 3, 2, 9, 0, 3, 5, 1, 6, 9, 5, 3, 8, 2, 4, 0, 8, 0, 2]
fib 298: [8, 4, 8, 8, 5, 1, 6, 4, 0, 5, 2, 2, 5, 7, 3, 3, 0, 0, 9, 7, 7, 1, 4, 1, 2, 1, 7, 5, 1, 6, 3, 0, 8, 3, 5, 3, 6, 0, 9, 6, 6, 6, 6, 3, 8, 8, 3, 7, 3, 2, 2, 9, 7, 7, 2, 6, 3, 6, 9, 3, 9, 9]
fib 299: [1, 3, 7, 3, 4, 7, 0, 8, 0, 5, 7, 7, 1, 6, 3, 1, 1, 5, 4, 3, 2, 0, 2, 5, 7, 7, 1, 7, 1, 0, 2, 7, 9, 1, 3, 1, 8, 4, 5, 7, 0, 0, 2, 7, 5, 2, 1, 2, 7, 6, 7, 4, 6, 7, 2, 6, 4, 6, 1, 0, 2, 0, 1]
fib 300: [2, 2, 2, 2, 3, 2, 2, 4, 4, 6, 2, 9, 4, 2, 0, 4, 4, 5, 5, 2, 9, 7, 3, 9, 8, 9, 3, 4, 6, 1, 9, 0, 9, 9, 6, 7, 2, 0, 6, 6, 6, 6, 9, 3, 9, 0, 9, 6, 4, 9, 9, 7, 6, 4, 9, 9, 0, 9, 7, 9, 6, 0, 0]
fib 301: [3, 5, 9, 5, 7, 9, 3, 2, 5, 2, 0, 6, 5, 8, 3, 5, 6, 0, 9, 6, 1, 7, 6, 5, 6, 6, 5, 1, 7, 2, 1, 8, 9, 0, 9, 9, 0, 5, 2, 3, 6, 7, 2, 1, 4, 3, 0, 9, 2, 6, 7, 2, 3, 2, 2, 5, 5, 5, 8, 9, 8, 0, 1]
fib 302: [5, 8, 1, 8, 1, 1, 5, 6, 9, 8, 3, 6, 0, 0, 4, 0, 0, 6, 4, 9, 1, 5, 0, 5, 5, 5, 8, 6, 3, 4, 0, 9, 9, 0, 6, 6, 2, 5, 9, 0, 3, 4, 1, 5, 3, 4, 0, 5, 7, 6, 6, 9, 9, 7, 2, 4, 6, 5, 6, 9, 4, 0, 1]
fib 303: [9, 4, 1, 3, 9, 0, 8, 9, 5, 0, 4, 2, 5, 8, 7, 5, 6, 7, 4, 5, 3, 2, 7, 1, 2, 2, 3, 8, 0, 6, 2, 8, 8, 1, 6, 5, 3, 1, 1, 4, 0, 1, 3, 6, 7, 7, 1, 5, 0, 3, 4, 2, 2, 9, 5, 0, 2, 1, 5, 9, 2, 0, 2]
fib 304: [1, 5, 2, 3, 2, 0, 2, 4, 6, 4, 8, 7, 8, 5, 9, 1, 5, 7, 3, 9, 4, 4, 7, 7, 6, 7, 8, 2, 4, 4, 0, 3, 8, 7, 2, 3, 1, 5, 7, 0, 4, 3, 5, 5, 2, 1, 1, 2, 0, 8, 0, 1, 2, 2, 6, 7, 4, 8, 7, 2, 8, 6, 0, 3]
fib 305: [2, 4, 6, 4, 5, 9, 3, 3, 5, 9, 9, 2, 1, 1, 7, 9, 1, 4, 1, 3, 9, 8, 0, 4, 8, 0, 0, 6, 2, 4, 6, 6, 7, 5, 3, 9, 6, 8, 8, 1, 8, 3, 6, 8, 8, 8, 8, 3, 5, 8, 3, 5, 4, 5, 6, 2, 5, 0, 8, 8, 7, 8, 0, 5]
fib 306: [3, 9, 8, 7, 7, 9, 5, 8, 2, 4, 7, 9, 9, 7, 7, 0, 7, 1, 5, 3, 4, 2, 8, 2, 4, 7, 8, 8, 6, 8, 7, 0, 6, 2, 6, 2, 8, 4, 5, 2, 2, 7, 2, 4, 0, 9, 9, 5, 6, 6, 3, 6, 6, 8, 2, 9, 9, 9, 6, 1, 6, 4, 0, 8]
fib 307: [6, 4, 5, 2, 3, 8, 9, 1, 8, 4, 7, 2, 0, 9, 4, 9, 8, 5, 6, 7, 4, 0, 8, 7, 2, 7, 9, 4, 9, 3, 3, 7, 3, 8, 0, 2, 5, 3, 3, 4, 1, 0, 9, 2, 9, 8, 7, 9, 2, 4, 7, 2, 1, 3, 9, 2, 5, 0, 5, 0, 4, 2, 1, 3]
fib 308: [1, 0, 4, 4, 0, 1, 8, 5, 0, 0, 9, 5, 2, 0, 7, 2, 0, 5, 7, 2, 0, 8, 3, 6, 9, 7, 5, 8, 3, 6, 2, 0, 8, 0, 0, 6, 5, 3, 7, 8, 6, 3, 8, 1, 7, 0, 8, 7, 4, 9, 1, 0, 8, 8, 2, 2, 2, 5, 0, 1, 2, 0, 6, 2, 1]
fib 309: [1, 6, 8, 9, 2, 5, 7, 4, 1, 9, 4, 2, 4, 1, 6, 7, 0, 4, 2, 8, 8, 2, 4, 5, 7, 0, 3, 7, 8, 5, 5, 4, 5, 3, 8, 6, 7, 9, 1, 2, 0, 4, 9, 1, 0, 0, 7, 5, 4, 1, 5, 8, 0, 9, 6, 1, 5, 0, 0, 6, 2, 4, 8, 3, 4]
fib 310: [2, 7, 3, 3, 2, 7, 5, 9, 2, 0, 3, 7, 6, 2, 3, 9, 1, 0, 0, 0, 9, 0, 8, 2, 6, 7, 9, 6, 2, 1, 7, 5, 3, 3, 9, 3, 3, 2, 9, 0, 6, 8, 7, 2, 7, 1, 6, 2, 9, 0, 6, 8, 9, 7, 8, 3, 7, 5, 0, 7, 4, 5, 4, 5, 5]
fib 311: [4, 4, 2, 2, 5, 3, 3, 3, 3, 9, 8, 0, 0, 4, 0, 6, 1, 4, 2, 9, 7, 3, 2, 8, 3, 8, 3, 4, 0, 7, 2, 9, 8, 7, 8, 0, 1, 2, 0, 2, 7, 3, 6, 3, 7, 2, 3, 8, 3, 2, 2, 7, 0, 7, 4, 5, 2, 5, 1, 3, 7, 0, 2, 8, 9]
fib 312: [7, 1, 5, 5, 8, 0, 9, 2, 6, 0, 1, 7, 6, 6, 4, 5, 2, 4, 3, 0, 6, 4, 1, 1, 0, 6, 3, 0, 2, 9, 0, 5, 2, 1, 7, 3, 4, 4, 9, 3, 4, 2, 3, 6, 4, 4, 0, 1, 2, 2, 9, 6, 0, 5, 2, 9, 0, 0, 2, 1, 1, 5, 7, 4, 4]
fib 313: [1, 1, 5, 7, 8, 3, 4, 2, 5, 9, 9, 9, 7, 7, 0, 5, 1, 3, 8, 6, 0, 3, 7, 3, 9, 4, 4, 6, 4, 3, 6, 3, 5, 0, 9, 5, 3, 5, 6, 9, 6, 1, 6, 0, 0, 1, 6, 3, 9, 5, 5, 2, 3, 1, 2, 7, 4, 2, 5, 3, 4, 8, 6, 0, 3, 3]
fib 314: [1, 8, 7, 3, 4, 1, 5, 1, 8, 6, 0, 1, 5, 3, 6, 9, 6, 6, 2, 9, 1, 0, 1, 5, 0, 5, 0, 9, 4, 6, 5, 4, 0, 3, 1, 2, 7, 0, 1, 8, 9, 5, 8, 3, 6, 6, 0, 4, 0, 7, 8, 1, 9, 1, 8, 0, 3, 2, 5, 5, 6, 0, 1, 7, 7, 7]
fib 315: [3, 0, 3, 1, 2, 4, 9, 4, 4, 6, 0, 1, 3, 0, 7, 4, 8, 0, 1, 5, 1, 3, 8, 8, 9, 9, 5, 5, 9, 0, 1, 7, 5, 4, 0, 8, 0, 5, 8, 8, 5, 7, 4, 3, 6, 7, 6, 8, 0, 3, 3, 4, 2, 3, 0, 7, 7, 5, 0, 9, 0, 8, 7, 8, 1, 0]
fib 316: [4, 9, 0, 4, 6, 6, 4, 6, 3, 2, 0, 2, 8, 4, 4, 4, 4, 6, 4, 4, 2, 4, 0, 4, 0, 4, 6, 5, 3, 6, 7, 1, 5, 7, 2, 0, 7, 6, 0, 7, 5, 3, 2, 7, 3, 3, 7, 2, 1, 1, 1, 6, 1, 4, 8, 8, 0, 7, 6, 4, 6, 8, 9, 5, 8, 7]
fib 317: [7, 9, 3, 5, 9, 1, 4, 0, 7, 8, 0, 4, 1, 5, 1, 9, 2, 6, 5, 9, 3, 7, 9, 3, 0, 4, 2, 1, 2, 6, 8, 9, 1, 1, 2, 8, 8, 1, 9, 6, 1, 0, 7, 1, 0, 1, 4, 0, 1, 4, 5, 0, 3, 7, 9, 5, 8, 2, 7, 3, 7, 7, 7, 3, 9, 7]
fib 318: [1, 2, 8, 4, 0, 5, 7, 8, 7, 1, 0, 0, 6, 9, 9, 6, 3, 7, 3, 0, 3, 6, 1, 9, 7, 0, 8, 8, 6, 6, 3, 6, 0, 6, 8, 4, 9, 5, 8, 0, 3, 6, 3, 9, 8, 3, 5, 1, 2, 2, 5, 6, 6, 5, 2, 8, 3, 9, 0, 3, 8, 4, 6, 6, 9, 8, 4]
fib 319: [2, 0, 7, 7, 6, 4, 9, 2, 7, 8, 8, 1, 1, 1, 4, 8, 2, 9, 9, 6, 2, 9, 9, 9, 0, 1, 3, 0, 7, 9, 0, 4, 9, 7, 9, 7, 8, 3, 9, 9, 9, 7, 4, 6, 9, 3, 6, 5, 2, 4, 0, 1, 6, 9, 0, 7, 9, 7, 3, 1, 2, 2, 4, 4, 3, 8, 1]
fib 320: [3, 3, 6, 1, 7, 0, 7, 1, 4, 9, 8, 1, 8, 1, 4, 4, 6, 7, 2, 6, 6, 6, 1, 8, 7, 2, 1, 9, 4, 5, 4, 1, 0, 4, 8, 2, 7, 9, 8, 0, 3, 3, 8, 6, 7, 7, 1, 6, 4, 6, 5, 8, 3, 4, 3, 6, 3, 6, 3, 5, 0, 7, 1, 1, 3, 6, 5]
fib 321: [5, 4, 3, 9, 3, 5, 6, 4, 2, 8, 6, 2, 9, 2, 9, 2, 9, 7, 2, 2, 9, 6, 1, 7, 7, 3, 5, 0, 2, 4, 4, 6, 0, 2, 8, 0, 6, 3, 8, 0, 3, 1, 3, 3, 7, 0, 8, 1, 7, 0, 6, 0, 0, 3, 4, 4, 3, 3, 6, 6, 2, 9, 5, 5, 7, 4, 6]
fib 322: [8, 8, 0, 1, 0, 6, 3, 5, 7, 8, 4, 4, 7, 4, 3, 7, 6, 4, 4, 9, 6, 2, 3, 6, 4, 5, 6, 9, 6, 9, 8, 7, 0, 7, 6, 3, 4, 3, 6, 0, 6, 5, 2, 0, 4, 7, 9, 8, 1, 7, 1, 8, 3, 7, 8, 0, 7, 0, 0, 1, 3, 6, 6, 7, 1, 1, 1]
fib 323: [1, 4, 2, 4, 0, 4, 2, 0, 0, 0, 7, 0, 7, 6, 7, 3, 0, 6, 1, 7, 2, 5, 8, 5, 4, 1, 9, 1, 9, 9, 4, 3, 3, 1, 0, 4, 4, 0, 7, 4, 0, 9, 6, 5, 4, 1, 8, 7, 9, 8, 7, 7, 8, 4, 1, 2, 5, 0, 3, 6, 7, 6, 6, 2, 2, 8, 5, 7]
fib 324: [2, 3, 0, 4, 1, 4, 8, 3, 5, 8, 5, 5, 2, 4, 1, 6, 8, 2, 6, 2, 2, 2, 0, 9, 0, 6, 4, 8, 9, 6, 4, 2, 0, 1, 8, 0, 7, 5, 1, 0, 1, 6, 1, 7, 4, 6, 6, 7, 8, 0, 4, 9, 6, 7, 9, 0, 5, 7, 3, 6, 9, 0, 2, 8, 9, 9, 6, 8]
fib 325: [3, 7, 2, 8, 1, 9, 0, 3, 5, 9, 2, 6, 0, 0, 8, 9, 8, 8, 7, 9, 4, 7, 9, 4, 4, 8, 4, 0, 9, 5, 8, 5, 3, 2, 8, 5, 1, 5, 8, 4, 2, 5, 8, 2, 8, 8, 5, 5, 7, 9, 2, 7, 5, 2, 0, 3, 0, 7, 7, 3, 6, 6, 9, 1, 2, 8, 2, 5]
fib 326: [6, 0, 3, 2, 3, 3, 8, 7, 1, 7, 8, 1, 2, 5, 0, 6, 7, 1, 4, 1, 7, 0, 0, 3, 5, 4, 8, 9, 9, 2, 2, 7, 3, 4, 6, 5, 9, 0, 9, 4, 4, 2, 0, 0, 3, 5, 2, 3, 5, 9, 7, 7, 1, 9, 9, 3, 6, 5, 1, 0, 5, 7, 2, 0, 2, 7, 9, 3]
fib 327: [9, 7, 6, 0, 5, 2, 9, 0, 7, 7, 0, 7, 2, 5, 9, 6, 6, 0, 2, 1, 1, 7, 9, 8, 0, 3, 3, 0, 8, 8, 1, 2, 6, 7, 5, 1, 0, 6, 7, 8, 6, 7, 8, 3, 2, 3, 7, 9, 3, 9, 0, 4, 7, 1, 9, 6, 7, 2, 8, 4, 2, 4, 1, 1, 5, 6, 1, 8]
fib 328: [1, 5, 7, 9, 2, 8, 6, 7, 7, 9, 4, 8, 8, 5, 1, 0, 3, 3, 1, 6, 2, 8, 8, 0, 1, 5, 8, 2, 0, 8, 0, 4, 0, 0, 2, 1, 6, 9, 7, 7, 3, 0, 9, 8, 3, 5, 9, 0, 2, 9, 8, 8, 1, 9, 1, 9, 0, 3, 7, 9, 4, 8, 1, 3, 1, 8, 4, 1, 1]
fib 329: [2, 5, 5, 5, 3, 3, 9, 6, 8, 7, 1, 9, 5, 7, 6, 9, 9, 9, 1, 8, 4, 0, 5, 9, 9, 6, 1, 5, 1, 6, 8, 5, 2, 6, 9, 6, 8, 0, 4, 5, 1, 7, 7, 6, 6, 8, 2, 8, 2, 3, 7, 8, 6, 6, 3, 8, 7, 1, 0, 7, 9, 0, 5, 4, 3, 4, 0, 2, 9]
fib 330: [4, 1, 3, 4, 6, 2, 6, 4, 6, 6, 6, 8, 4, 2, 8, 0, 3, 2, 3, 4, 6, 9, 4, 0, 1, 1, 9, 7, 2, 4, 8, 9, 2, 7, 1, 8, 5, 0, 2, 2, 4, 8, 7, 5, 0, 4, 1, 8, 5, 3, 6, 6, 8, 5, 5, 7, 7, 4, 8, 7, 3, 8, 6, 7, 5, 2, 4, 4, 0]
fib 331: [6, 6, 8, 9, 9, 6, 6, 1, 5, 3, 8, 8, 0, 0, 5, 0, 3, 1, 5, 3, 1, 0, 0, 0, 0, 8, 1, 2, 4, 1, 7, 4, 5, 4, 1, 5, 3, 0, 6, 7, 6, 6, 5, 1, 7, 2, 4, 6, 7, 7, 4, 5, 5, 1, 9, 6, 4, 5, 9, 5, 2, 9, 2, 1, 8, 6, 4, 6, 9]
fib 332: [1, 0, 8, 2, 4, 5, 9, 2, 6, 2, 0, 5, 6, 4, 3, 3, 0, 6, 3, 8, 7, 7, 9, 4, 0, 2, 0, 0, 9, 6, 6, 6, 3, 8, 1, 3, 3, 8, 0, 9, 0, 1, 5, 2, 6, 7, 6, 6, 5, 3, 1, 1, 2, 3, 7, 5, 4, 2, 0, 8, 2, 6, 7, 8, 9, 3, 8, 9, 0, 9]
fib 333: [1, 7, 5, 1, 4, 5, 5, 8, 7, 7, 4, 4, 4, 4, 3, 8, 0, 9, 5, 4, 0, 8, 9, 4, 0, 2, 8, 2, 2, 0, 8, 3, 8, 3, 5, 4, 9, 1, 1, 5, 7, 8, 1, 7, 8, 4, 9, 1, 2, 0, 8, 5, 7, 8, 9, 5, 0, 6, 6, 7, 7, 9, 7, 1, 1, 2, 5, 3, 7, 8]
fib 334: [2, 8, 3, 3, 9, 1, 5, 1, 3, 9, 5, 0, 0, 8, 7, 1, 1, 5, 9, 2, 8, 6, 8, 8, 0, 4, 8, 3, 1, 7, 5, 0, 2, 1, 6, 8, 2, 9, 2, 4, 7, 9, 7, 0, 5, 2, 5, 7, 7, 3, 9, 7, 0, 2, 7, 0, 4, 8, 7, 6, 0, 6, 5, 0, 0, 6, 4, 2, 8, 7]
fib 335: [4, 5, 8, 5, 3, 7, 1, 0, 1, 6, 9, 4, 5, 3, 0, 9, 2, 5, 4, 6, 9, 5, 8, 2, 0, 7, 6, 5, 3, 8, 3, 4, 0, 5, 2, 3, 2, 0, 4, 0, 5, 7, 8, 8, 3, 7, 4, 8, 9, 4, 8, 2, 8, 1, 6, 5, 5, 5, 4, 3, 8, 6, 2, 1, 1, 8, 9, 6, 6, 5]
fib 336: [7, 4, 1, 9, 2, 8, 6, 1, 5, 6, 4, 4, 6, 1, 8, 0, 4, 1, 3, 9, 8, 2, 7, 0, 1, 2, 4, 8, 5, 5, 8, 4, 2, 6, 9, 1, 4, 9, 6, 5, 3, 7, 5, 8, 9, 0, 0, 6, 6, 8, 7, 9, 8, 4, 3, 6, 0, 4, 1, 9, 9, 2, 7, 1, 2, 5, 3, 9, 5, 2]
fib 337: [1, 2, 0, 0, 4, 6, 5, 7, 1, 7, 3, 3, 9, 1, 4, 8, 9, 6, 6, 8, 6, 7, 8, 5, 2, 2, 0, 1, 3, 9, 4, 1, 8, 3, 2, 1, 4, 7, 0, 0, 5, 9, 5, 4, 7, 2, 7, 5, 5, 6, 3, 6, 2, 6, 6, 0, 1, 5, 9, 6, 3, 7, 8, 9, 2, 4, 4, 3, 6, 1, 7]
fib 338: [1, 9, 4, 2, 3, 9, 4, 3, 3, 2, 9, 8, 3, 7, 6, 7, 0, 0, 8, 2, 6, 6, 1, 2, 2, 3, 2, 6, 2, 5, 0, 0, 2, 5, 9, 0, 6, 1, 9, 7, 1, 3, 3, 0, 6, 1, 7, 6, 2, 3, 2, 4, 2, 5, 0, 3, 7, 6, 3, 8, 3, 7, 1, 6, 3, 6, 9, 7, 5, 6, 9]
fib 339: [3, 1, 4, 2, 8, 6, 0, 0, 5, 0, 3, 2, 2, 9, 1, 5, 9, 7, 5, 1, 3, 3, 9, 7, 4, 5, 2, 7, 6, 4, 4, 2, 0, 9, 1, 2, 0, 8, 9, 7, 7, 2, 8, 5, 3, 4, 5, 1, 7, 9, 6, 0, 5, 1, 6, 3, 9, 2, 3, 4, 7, 5, 0, 5, 6, 1, 4, 1, 1, 8, 6]
fib 340: [5, 0, 8, 5, 2, 5, 4, 3, 8, 3, 3, 0, 6, 6, 8, 2, 9, 8, 3, 4, 0, 0, 0, 9, 6, 8, 5, 3, 8, 9, 4, 2, 3, 5, 0, 2, 7, 0, 9, 4, 8, 6, 1, 5, 9, 6, 2, 8, 0, 2, 8, 4, 7, 6, 6, 7, 6, 8, 7, 3, 1, 2, 2, 1, 9, 8, 3, 8, 7, 5, 5]
fib 341: [8, 2, 2, 8, 1, 1, 4, 4, 3, 3, 6, 2, 9, 5, 9, 8, 9, 5, 8, 5, 3, 4, 0, 7, 1, 3, 8, 1, 5, 3, 8, 4, 4, 4, 1, 4, 7, 9, 9, 2, 5, 9, 0, 1, 3, 0, 7, 9, 8, 2, 4, 5, 2, 8, 3, 1, 6, 1, 0, 7, 8, 7, 2, 7, 5, 9, 7, 9, 9, 4, 1]
fib 342: [1, 3, 3, 1, 3, 3, 6, 8, 8, 1, 6, 9, 3, 6, 2, 8, 1, 9, 4, 1, 9, 3, 4, 1, 6, 8, 2, 3, 5, 4, 3, 2, 6, 7, 9, 1, 7, 5, 0, 8, 7, 4, 5, 1, 7, 2, 7, 0, 7, 8, 5, 3, 0, 0, 4, 9, 9, 2, 9, 8, 0, 9, 9, 4, 9, 5, 8, 1, 8, 6, 9, 6]
fib 343: [2, 1, 5, 4, 1, 4, 8, 3, 2, 5, 0, 5, 6, 5, 8, 8, 0, 9, 0, 0, 4, 6, 8, 2, 3, 9, 6, 1, 6, 9, 7, 1, 1, 2, 3, 3, 2, 3, 0, 8, 0, 0, 4, 1, 8, 5, 7, 8, 7, 6, 7, 7, 5, 3, 3, 3, 0, 9, 0, 8, 8, 8, 6, 7, 7, 1, 7, 9, 8, 6, 3, 7]
fib 344: [3, 4, 8, 5, 4, 8, 5, 2, 0, 6, 7, 5, 0, 2, 1, 6, 2, 8, 4, 2, 4, 0, 2, 4, 0, 7, 8, 5, 2, 4, 0, 3, 8, 0, 2, 4, 9, 8, 1, 6, 7, 4, 9, 3, 5, 8, 4, 9, 5, 5, 3, 0, 5, 3, 8, 3, 0, 2, 0, 6, 9, 8, 6, 2, 6, 7, 6, 1, 7, 3, 3, 3]
fib 345: [5, 6, 3, 9, 6, 3, 3, 5, 3, 1, 8, 0, 6, 8, 0, 4, 3, 7, 4, 2, 8, 7, 0, 6, 4, 7, 4, 6, 9, 3, 7, 4, 9, 2, 5, 8, 2, 1, 2, 4, 7, 5, 3, 5, 4, 4, 2, 8, 3, 2, 0, 8, 0, 7, 1, 6, 1, 1, 1, 5, 8, 7, 3, 0, 3, 9, 4, 1, 5, 9, 7, 0]
fib 346: [9, 1, 2, 5, 1, 1, 8, 7, 3, 8, 5, 5, 7, 0, 2, 0, 6, 5, 8, 5, 2, 7, 3, 0, 5, 5, 3, 2, 1, 7, 7, 8, 7, 2, 8, 3, 1, 9, 4, 1, 5, 0, 2, 9, 0, 2, 7, 7, 8, 7, 3, 8, 6, 0, 9, 9, 1, 3, 2, 2, 8, 5, 9, 3, 0, 7, 0, 3, 3, 3, 0, 3]
fib 347: [1, 4, 7, 6, 4, 7, 5, 2, 2, 7, 0, 3, 6, 3, 8, 2, 5, 0, 3, 2, 8, 1, 4, 3, 7, 0, 2, 7, 9, 1, 1, 5, 3, 6, 5, 4, 1, 4, 0, 6, 6, 2, 5, 6, 4, 4, 7, 0, 6, 1, 9, 4, 6, 6, 8, 1, 5, 2, 4, 3, 8, 7, 3, 2, 3, 4, 6, 4, 4, 9, 2, 7, 3]
fib 348: [2, 3, 8, 8, 9, 8, 7, 1, 0, 0, 8, 9, 2, 0, 8, 4, 5, 6, 9, 1, 3, 4, 1, 6, 7, 5, 8, 1, 1, 2, 9, 3, 2, 3, 8, 2, 4, 6, 0, 0, 7, 7, 5, 9, 3, 4, 9, 8, 4, 0, 6, 8, 5, 2, 9, 1, 4, 3, 7, 6, 1, 5, 9, 1, 6, 5, 3, 4, 8, 2, 5, 7, 6]
fib 349: [3, 8, 6, 5, 4, 6, 2, 3, 2, 7, 9, 2, 8, 4, 6, 7, 0, 7, 2, 4, 1, 5, 6, 0, 4, 6, 0, 9, 0, 4, 0, 8, 6, 0, 3, 6, 6, 0, 0, 7, 4, 0, 1, 5, 7, 9, 6, 9, 0, 2, 6, 3, 1, 9, 7, 2, 9, 6, 2, 0, 0, 3, 2, 3, 9, 9, 9, 9, 3, 1, 8, 4, 9]
fib 350: [6, 2, 5, 4, 4, 4, 9, 4, 2, 8, 8, 2, 0, 5, 5, 1, 6, 4, 1, 5, 4, 9, 7, 7, 2, 1, 9, 0, 1, 7, 0, 1, 8, 4, 1, 9, 0, 6, 0, 8, 1, 7, 7, 5, 1, 4, 6, 7, 4, 3, 3, 1, 7, 2, 6, 4, 3, 9, 9, 6, 1, 9, 1, 5, 6, 5, 3, 4, 1, 4, 4, 2, 5]
fib 351: [1, 0, 1, 1, 9, 9, 1, 1, 7, 5, 6, 7, 4, 9, 0, 1, 8, 7, 1, 3, 9, 6, 5, 3, 7, 6, 7, 9, 9, 2, 1, 1, 0, 4, 4, 5, 5, 6, 6, 1, 5, 5, 7, 9, 0, 9, 4, 3, 6, 4, 5, 9, 4, 9, 2, 3, 7, 3, 6, 1, 6, 2, 2, 3, 9, 6, 5, 3, 3, 4, 6, 2, 7, 4]
fib 352: [1, 6, 3, 7, 4, 3, 6, 1, 1, 8, 5, 5, 6, 9, 5, 7, 0, 3, 5, 5, 5, 1, 5, 1, 4, 8, 9, 8, 9, 3, 8, 1, 2, 2, 8, 7, 4, 7, 2, 2, 3, 7, 5, 6, 6, 0, 9, 0, 3, 8, 9, 2, 6, 6, 5, 0, 1, 7, 6, 1, 2, 4, 1, 5, 5, 3, 0, 6, 7, 6, 0, 6, 9, 9]
fib 353: [2, 6, 4, 9, 4, 2, 7, 2, 9, 4, 2, 3, 1, 8, 5, 8, 9, 0, 6, 9, 4, 8, 0, 5, 2, 5, 7, 8, 8, 5, 9, 2, 2, 7, 3, 3, 0, 3, 8, 3, 9, 3, 3, 5, 7, 0, 3, 4, 0, 3, 5, 2, 1, 5, 7, 3, 9, 1, 2, 2, 8, 6, 3, 9, 4, 9, 6, 0, 1, 0, 6, 9, 7, 3]
fib 354: [4, 2, 8, 6, 8, 6, 3, 4, 1, 2, 7, 8, 8, 8, 1, 5, 9, 4, 2, 4, 9, 9, 5, 6, 7, 4, 7, 7, 7, 9, 7, 3, 5, 0, 2, 0, 5, 1, 0, 6, 3, 0, 9, 2, 3, 1, 2, 4, 4, 2, 4, 4, 8, 2, 2, 4, 0, 8, 8, 4, 1, 0, 5, 5, 0, 2, 6, 6, 8, 6, 7, 6, 7, 2]
fib 355: [6, 9, 3, 6, 2, 9, 0, 7, 0, 7, 0, 2, 0, 6, 7, 4, 8, 4, 9, 4, 4, 7, 6, 2, 0, 0, 5, 6, 6, 5, 6, 5, 7, 7, 5, 3, 5, 4, 9, 0, 2, 4, 2, 8, 0, 1, 5, 8, 4, 5, 9, 6, 9, 7, 9, 8, 0, 0, 0, 6, 9, 6, 9, 4, 5, 2, 2, 6, 9, 7, 4, 6, 4, 5]
fib 356: [1, 1, 2, 2, 3, 1, 5, 4, 1, 1, 9, 8, 0, 9, 4, 9, 0, 7, 9, 1, 9, 4, 7, 1, 8, 7, 5, 3, 4, 4, 5, 3, 9, 2, 7, 7, 4, 0, 5, 9, 6, 5, 5, 2, 0, 3, 2, 8, 2, 8, 8, 4, 1, 8, 0, 2, 2, 0, 8, 9, 1, 0, 7, 4, 9, 5, 4, 9, 3, 8, 4, 2, 3, 1, 7]
fib 357: [1, 8, 1, 5, 9, 4, 4, 4, 8, 2, 6, 8, 3, 0, 1, 6, 5, 6, 4, 1, 3, 9, 4, 8, 0, 7, 5, 9, 1, 1, 1, 0, 5, 0, 5, 2, 7, 6, 0, 8, 6, 7, 9, 4, 8, 3, 4, 4, 1, 3, 4, 3, 8, 7, 8, 2, 0, 0, 8, 9, 8, 0, 4, 4, 4, 0, 7, 2, 0, 8, 1, 6, 9, 6, 2]
fib 358: [2, 9, 3, 8, 2, 5, 9, 8, 9, 4, 6, 6, 3, 9, 6, 5, 6, 4, 3, 3, 3, 4, 1, 9, 9, 5, 1, 2, 5, 5, 6, 4, 4, 3, 3, 0, 1, 6, 6, 8, 3, 3, 4, 6, 8, 6, 7, 2, 4, 2, 2, 8, 0, 5, 8, 4, 2, 1, 7, 8, 9, 1, 1, 9, 3, 6, 2, 1, 4, 6, 5, 9, 2, 7, 9]
fib 359: [4, 7, 5, 4, 2, 0, 4, 3, 7, 7, 3, 4, 6, 9, 8, 2, 2, 0, 7, 4, 7, 3, 6, 8, 0, 2, 7, 1, 6, 6, 7, 4, 9, 3, 8, 2, 9, 2, 7, 7, 0, 1, 4, 1, 7, 0, 1, 6, 5, 5, 7, 1, 9, 3, 6, 6, 2, 2, 6, 8, 7, 1, 6, 3, 7, 6, 9, 3, 5, 4, 7, 6, 2, 4, 1]
fib 360: [7, 6, 9, 2, 4, 6, 4, 2, 7, 2, 0, 1, 0, 9, 4, 7, 8, 5, 0, 8, 0, 7, 8, 7, 9, 7, 8, 4, 2, 2, 3, 9, 3, 7, 1, 3, 0, 9, 4, 5, 3, 4, 8, 8, 5, 6, 8, 8, 9, 7, 9, 9, 9, 9, 5, 0, 4, 4, 4, 7, 6, 2, 8, 3, 1, 3, 1, 5, 0, 1, 3, 5, 5, 2, 0]
fib 361: [1, 2, 4, 4, 6, 6, 6, 8, 6, 4, 9, 3, 5, 7, 9, 3, 0, 0, 5, 8, 2, 8, 1, 5, 6, 0, 0, 5, 5, 8, 9, 1, 4, 3, 0, 9, 6, 0, 2, 2, 2, 3, 6, 3, 0, 2, 7, 0, 5, 5, 3, 7, 1, 9, 3, 1, 6, 6, 7, 1, 6, 3, 4, 4, 6, 9, 0, 0, 8, 5, 6, 1, 1, 7, 6, 1]
fib 362: [2, 0, 1, 3, 9, 1, 3, 2, 9, 2, 1, 3, 6, 8, 8, 7, 7, 9, 0, 9, 0, 8, 9, 4, 3, 9, 8, 4, 0, 1, 1, 5, 3, 6, 8, 0, 9, 1, 1, 6, 7, 7, 1, 1, 8, 8, 3, 9, 4, 5, 1, 7, 1, 9, 2, 6, 7, 1, 1, 6, 3, 9, 7, 3, 0, 0, 3, 2, 3, 5, 7, 4, 7, 2, 8, 1]
fib 363: [3, 2, 5, 8, 5, 8, 0, 1, 5, 7, 0, 7, 2, 6, 8, 0, 7, 9, 6, 7, 3, 7, 0, 9, 9, 9, 8, 9, 6, 0, 0, 6, 7, 9, 9, 0, 5, 1, 3, 9, 0, 0, 7, 4, 9, 1, 1, 0, 0, 0, 5, 4, 3, 8, 5, 8, 3, 7, 8, 8, 0, 3, 1, 7, 6, 9, 3, 3, 2, 1, 3, 5, 9, 0, 4, 2]
fib 364: [5, 2, 7, 2, 4, 9, 3, 4, 4, 9, 2, 0, 9, 5, 6, 8, 5, 8, 7, 6, 4, 6, 0, 4, 3, 9, 7, 3, 6, 1, 2, 2, 1, 6, 7, 1, 4, 2, 5, 5, 7, 7, 8, 6, 7, 9, 4, 9, 4, 5, 7, 1, 5, 7, 8, 5, 0, 9, 0, 4, 4, 2, 9, 0, 6, 9, 6, 5, 5, 7, 1, 0, 6, 3, 2, 3]
fib 365: [8, 5, 3, 1, 0, 7, 3, 6, 0, 6, 2, 8, 2, 2, 4, 9, 3, 8, 4, 3, 8, 3, 1, 4, 3, 9, 6, 3, 2, 1, 2, 8, 9, 6, 6, 1, 9, 3, 9, 4, 7, 8, 6, 1, 7, 0, 5, 9, 4, 6, 2, 5, 9, 6, 4, 3, 4, 6, 9, 2, 4, 6, 0, 8, 3, 8, 9, 8, 7, 8, 4, 6, 5, 3, 6, 5]
fib 366: [1, 3, 8, 0, 3, 5, 6, 7, 0, 5, 5, 4, 9, 1, 8, 1, 7, 9, 7, 2, 0, 2, 9, 1, 8, 7, 9, 3, 6, 8, 2, 5, 1, 1, 3, 3, 3, 3, 6, 5, 0, 5, 6, 4, 8, 5, 0, 0, 8, 9, 1, 9, 7, 5, 4, 2, 8, 5, 5, 9, 6, 8, 8, 9, 9, 0, 8, 6, 4, 3, 5, 5, 7, 1, 6, 8, 8]
fib 367: [2, 2, 3, 3, 4, 6, 4, 0, 6, 6, 1, 7, 7, 4, 0, 6, 7, 3, 5, 6, 4, 1, 2, 3, 3, 1, 9, 0, 0, 0, 3, 8, 0, 0, 9, 9, 5, 3, 0, 4, 5, 3, 5, 1, 0, 2, 0, 6, 8, 3, 8, 2, 3, 5, 0, 7, 2, 0, 2, 8, 9, 3, 5, 0, 7, 4, 7, 6, 3, 1, 4, 0, 3, 7, 0, 5, 3]
fib 368: [3, 6, 1, 3, 8, 2, 0, 7, 7, 1, 7, 2, 6, 5, 8, 8, 5, 3, 2, 8, 4, 4, 1, 5, 1, 9, 8, 3, 6, 8, 6, 3, 1, 2, 3, 2, 8, 6, 6, 9, 5, 9, 1, 5, 8, 7, 0, 7, 7, 3, 0, 2, 1, 0, 5, 0, 0, 5, 8, 8, 6, 2, 4, 0, 6, 5, 6, 2, 7, 4, 9, 6, 0, 8, 7, 4, 1]
fib 369: [5, 8, 4, 7, 2, 8, 4, 8, 3, 7, 9, 0, 3, 9, 9, 5, 2, 6, 8, 4, 8, 5, 3, 8, 5, 1, 7, 3, 6, 9, 0, 1, 1, 3, 3, 2, 3, 9, 7, 4, 1, 2, 6, 6, 8, 9, 1, 4, 5, 6, 8, 4, 4, 5, 5, 7, 2, 6, 1, 7, 5, 5, 9, 1, 4, 0, 3, 9, 0, 6, 3, 6, 4, 5, 7, 9, 4]
fib 370: [9, 4, 6, 1, 1, 0, 5, 6, 0, 9, 6, 3, 0, 5, 8, 3, 8, 0, 1, 3, 2, 9, 5, 3, 7, 1, 5, 7, 3, 7, 6, 4, 2, 5, 6, 5, 2, 6, 4, 3, 7, 1, 8, 2, 7, 6, 2, 2, 2, 9, 8, 6, 5, 6, 0, 7, 3, 2, 0, 6, 1, 8, 3, 2, 0, 6, 0, 1, 8, 1, 3, 2, 5, 4, 5, 3, 5]
fib 371: [1, 5, 3, 0, 8, 3, 9, 0, 4, 4, 7, 5, 3, 4, 5, 7, 9, 0, 6, 9, 8, 1, 4, 9, 2, 2, 3, 3, 1, 0, 6, 6, 5, 3, 8, 9, 7, 6, 6, 1, 7, 8, 4, 4, 9, 6, 5, 3, 6, 8, 6, 7, 1, 0, 1, 6, 4, 5, 8, 2, 3, 7, 4, 2, 3, 4, 6, 4, 0, 8, 7, 6, 9, 0, 0, 3, 2, 9]
fib 372: [2, 4, 7, 6, 9, 4, 9, 6, 0, 5, 7, 1, 6, 5, 1, 6, 2, 8, 7, 1, 1, 4, 4, 4, 5, 9, 4, 8, 8, 4, 4, 2, 9, 6, 4, 6, 2, 9, 2, 6, 1, 5, 6, 3, 2, 4, 1, 5, 9, 1, 6, 5, 7, 5, 7, 7, 1, 9, 0, 2, 9, 9, 2, 5, 5, 5, 2, 4, 2, 6, 9, 0, 1, 5, 4, 8, 6, 4]
fib 373: [4, 0, 0, 7, 7, 8, 8, 6, 5, 0, 4, 6, 9, 9, 7, 4, 1, 9, 4, 0, 9, 5, 9, 3, 8, 1, 8, 1, 9, 5, 0, 9, 5, 0, 3, 6, 0, 5, 8, 7, 9, 4, 0, 8, 2, 0, 6, 9, 6, 0, 3, 2, 8, 5, 9, 3, 6, 4, 8, 5, 3, 6, 6, 7, 8, 9, 8, 8, 3, 5, 6, 7, 0, 5, 5, 1, 9, 3]
fib 374: [6, 4, 8, 4, 7, 3, 8, 2, 5, 6, 1, 8, 6, 4, 9, 0, 4, 8, 1, 2, 1, 0, 3, 8, 4, 1, 3, 0, 7, 9, 5, 2, 4, 6, 8, 2, 3, 5, 1, 4, 0, 9, 7, 1, 4, 4, 8, 5, 5, 1, 9, 8, 6, 1, 7, 0, 8, 3, 8, 8, 3, 5, 9, 3, 4, 5, 1, 2, 6, 2, 5, 7, 2, 1, 0, 0, 5, 7]
fib 375: [1, 0, 4, 9, 2, 5, 2, 6, 9, 0, 6, 6, 5, 6, 4, 6, 4, 6, 7, 5, 3, 0, 6, 3, 2, 2, 3, 1, 2, 7, 4, 6, 1, 9, 7, 1, 8, 4, 1, 0, 2, 0, 3, 7, 9, 6, 5, 5, 5, 1, 2, 3, 1, 4, 7, 6, 4, 4, 8, 7, 3, 7, 2, 6, 1, 3, 5, 0, 0, 9, 8, 2, 4, 2, 6, 5, 2, 5, 0]
fib 376: [1, 6, 9, 7, 7, 2, 6, 5, 1, 6, 2, 8, 4, 2, 9, 5, 5, 1, 5, 6, 5, 1, 6, 7, 0, 6, 4, 4, 3, 5, 4, 1, 4, 4, 4, 0, 0, 7, 6, 1, 6, 1, 3, 5, 1, 1, 0, 4, 0, 6, 4, 3, 0, 0, 9, 3, 5, 3, 2, 6, 2, 0, 8, 5, 4, 8, 0, 1, 3, 6, 0, 8, 1, 4, 7, 5, 3, 0, 7]
fib 377: [2, 7, 4, 6, 9, 7, 9, 2, 0, 6, 9, 4, 9, 9, 4, 1, 9, 8, 3, 1, 8, 2, 3, 0, 2, 8, 7, 5, 6, 2, 8, 7, 6, 4, 1, 1, 9, 1, 7, 1, 8, 1, 7, 3, 0, 7, 5, 9, 5, 7, 6, 6, 1, 5, 6, 9, 9, 8, 1, 3, 5, 8, 1, 1, 6, 1, 5, 1, 4, 5, 9, 0, 5, 7, 4, 0, 5, 5, 7]
fib 378: [4, 4, 4, 4, 7, 0, 5, 7, 2, 3, 2, 3, 4, 2, 3, 7, 4, 9, 8, 8, 3, 3, 9, 7, 3, 5, 1, 9, 9, 8, 2, 9, 0, 8, 5, 1, 9, 9, 3, 3, 4, 3, 0, 8, 1, 8, 6, 3, 6, 4, 0, 9, 1, 6, 6, 3, 5, 1, 3, 9, 7, 8, 9, 7, 0, 9, 5, 2, 8, 1, 9, 8, 7, 2, 1, 5, 8, 6, 4]
fib 379: [7, 1, 9, 1, 6, 8, 4, 9, 3, 0, 1, 8, 4, 1, 7, 9, 4, 8, 2, 0, 1, 6, 2, 7, 6, 3, 9, 5, 6, 1, 1, 6, 7, 2, 6, 3, 9, 1, 0, 5, 2, 4, 8, 1, 2, 6, 2, 3, 2, 1, 7, 5, 3, 2, 3, 3, 4, 9, 5, 3, 3, 7, 0, 8, 7, 1, 0, 4, 2, 7, 8, 9, 2, 9, 5, 6, 4, 2, 1]
fib 380: [1, 1, 6, 3, 6, 3, 9, 0, 6, 5, 3, 4, 1, 8, 4, 1, 6, 9, 8, 0, 8, 5, 0, 2, 4, 9, 9, 1, 5, 5, 9, 4, 5, 8, 1, 1, 5, 9, 0, 3, 8, 6, 7, 8, 9, 4, 4, 8, 6, 8, 5, 8, 4, 4, 8, 9, 7, 0, 0, 9, 3, 1, 6, 0, 5, 8, 0, 5, 7, 0, 9, 8, 8, 0, 1, 7, 2, 2, 8, 5]
fib 381: [1, 8, 8, 2, 8, 0, 7, 5, 5, 8, 3, 6, 0, 2, 5, 9, 6, 4, 6, 2, 8, 6, 6, 5, 2, 6, 3, 1, 1, 2, 0, 6, 2, 5, 3, 7, 9, 8, 1, 4, 3, 9, 2, 7, 0, 7, 1, 1, 0, 0, 7, 5, 9, 8, 1, 3, 0, 5, 0, 4, 6, 5, 3, 1, 4, 5, 1, 6, 1, 3, 7, 7, 7, 3, 1, 2, 8, 7, 0, 6]
fib 382: [3, 0, 4, 6, 4, 4, 6, 6, 2, 3, 7, 0, 2, 1, 0, 1, 3, 4, 4, 3, 7, 1, 6, 7, 7, 6, 2, 2, 6, 8, 0, 0, 8, 3, 4, 9, 5, 7, 1, 8, 2, 6, 0, 6, 0, 1, 5, 9, 6, 9, 3, 4, 4, 3, 0, 2, 7, 5, 1, 3, 9, 6, 9, 2, 0, 3, 2, 1, 8, 4, 7, 6, 5, 3, 3, 0, 0, 9, 9, 1]
fib 383: [4, 9, 2, 9, 2, 5, 4, 1, 8, 2, 0, 6, 2, 3, 6, 0, 9, 9, 0, 6, 5, 8, 3, 3, 0, 2, 5, 3, 8, 0, 0, 7, 0, 8, 8, 7, 5, 5, 3, 2, 6, 5, 3, 3, 0, 8, 7, 0, 7, 0, 1, 0, 4, 1, 1, 5, 8, 0, 1, 8, 6, 2, 2, 3, 4, 8, 3, 7, 9, 8, 5, 4, 2, 6, 4, 2, 9, 6, 9, 7]
fib 384: [7, 9, 7, 5, 7, 0, 0, 8, 0, 5, 7, 6, 4, 4, 6, 2, 3, 3, 5, 0, 3, 0, 0, 0, 7, 8, 7, 6, 4, 8, 0, 7, 9, 2, 3, 7, 1, 2, 5, 0, 9, 1, 3, 9, 1, 0, 3, 0, 3, 9, 4, 4, 8, 4, 1, 8, 5, 5, 3, 2, 5, 9, 1, 5, 5, 1, 5, 9, 8, 3, 3, 0, 7, 9, 7, 3, 0, 6, 8, 8]
fib 385: [1, 2, 9, 0, 4, 9, 5, 4, 9, 8, 7, 8, 2, 6, 8, 2, 3, 3, 2, 5, 6, 8, 8, 3, 3, 8, 1, 3, 0, 2, 8, 1, 5, 0, 1, 2, 4, 6, 7, 8, 3, 5, 6, 7, 2, 1, 9, 0, 1, 0, 9, 5, 5, 2, 5, 3, 4, 3, 5, 5, 1, 2, 1, 3, 8, 9, 9, 9, 7, 8, 1, 8, 5, 0, 6, 1, 6, 0, 3, 8, 5]
fib 386: [2, 0, 8, 8, 0, 6, 5, 5, 7, 9, 3, 5, 9, 1, 2, 8, 5, 6, 6, 0, 7, 1, 8, 3, 4, 6, 0, 0, 6, 7, 6, 2, 2, 9, 3, 6, 1, 8, 0, 3, 4, 4, 8, 1, 1, 2, 9, 3, 1, 4, 9, 0, 0, 0, 9, 5, 2, 9, 0, 8, 3, 8, 0, 5, 4, 5, 1, 5, 7, 6, 5, 1, 5, 8, 5, 8, 9, 1, 0, 7, 3]
fib 387: [3, 3, 7, 8, 5, 6, 1, 0, 7, 8, 1, 4, 1, 8, 1, 0, 8, 9, 8, 6, 4, 0, 6, 6, 8, 4, 1, 3, 7, 0, 4, 3, 7, 9, 4, 8, 6, 4, 8, 1, 8, 0, 4, 8, 3, 4, 8, 3, 2, 5, 8, 5, 5, 3, 4, 8, 7, 2, 6, 3, 5, 0, 1, 9, 3, 5, 1, 5, 5, 4, 7, 0, 0, 9, 2, 0, 5, 1, 4, 5, 8]
fib 388: [5, 4, 6, 6, 6, 2, 6, 6, 5, 7, 5, 0, 0, 9, 3, 9, 4, 6, 4, 7, 1, 2, 5, 0, 3, 0, 1, 4, 3, 8, 0, 6, 0, 8, 8, 4, 8, 2, 8, 5, 2, 5, 2, 9, 4, 7, 7, 6, 4, 0, 7, 5, 5, 4, 4, 4, 0, 1, 7, 1, 8, 8, 2, 4, 8, 0, 3, 1, 3, 1, 2, 1, 6, 7, 7, 9, 4, 2, 5, 3, 1]
fib 389: [8, 8, 4, 5, 1, 8, 7, 7, 3, 5, 6, 4, 2, 7, 5, 0, 3, 6, 3, 3, 5, 3, 1, 7, 1, 4, 2, 8, 0, 8, 4, 9, 8, 8, 3, 3, 4, 7, 6, 7, 0, 5, 7, 7, 8, 2, 5, 9, 6, 6, 6, 1, 0, 7, 9, 2, 7, 4, 3, 5, 3, 8, 4, 4, 1, 5, 4, 6, 8, 5, 9, 1, 7, 6, 9, 9, 9, 3, 9, 8, 9]
fib 390: [1, 4, 3, 1, 1, 8, 1, 4, 3, 9, 3, 1, 4, 3, 6, 8, 9, 8, 2, 8, 0, 6, 5, 6, 7, 4, 4, 4, 2, 4, 6, 5, 5, 9, 7, 1, 8, 3, 0, 5, 2, 3, 1, 0, 7, 3, 0, 3, 6, 0, 7, 3, 6, 6, 2, 3, 6, 7, 6, 0, 7, 2, 6, 6, 8, 9, 5, 7, 8, 1, 7, 1, 3, 4, 4, 7, 9, 3, 6, 5, 2, 0]
fib 391: [2, 3, 1, 5, 7, 0, 0, 2, 1, 2, 8, 7, 8, 6, 4, 4, 0, 1, 9, 1, 4, 1, 8, 8, 4, 5, 8, 7, 0, 5, 5, 0, 5, 8, 5, 5, 1, 7, 8, 1, 9, 3, 6, 8, 5, 1, 2, 9, 5, 7, 3, 9, 7, 7, 0, 2, 9, 5, 0, 4, 2, 6, 5, 1, 3, 1, 1, 2, 5, 0, 3, 0, 5, 2, 1, 7, 9, 3, 0, 5, 0, 9]
fib 392: [3, 7, 4, 6, 8, 8, 1, 6, 5, 2, 1, 9, 3, 0, 1, 3, 0, 0, 1, 9, 4, 8, 4, 5, 2, 0, 3, 1, 3, 0, 1, 6, 1, 8, 2, 7, 0, 0, 8, 7, 1, 6, 7, 9, 2, 4, 3, 3, 1, 8, 1, 3, 4, 3, 2, 6, 6, 2, 6, 4, 9, 9, 1, 8, 2, 0, 7, 0, 3, 2, 0, 1, 8, 6, 6, 5, 8, 6, 7, 0, 2, 9]
fib 393: [6, 0, 6, 2, 5, 8, 1, 8, 6, 5, 0, 7, 1, 6, 5, 7, 0, 2, 1, 0, 9, 0, 3, 3, 6, 6, 1, 8, 3, 5, 6, 6, 7, 6, 8, 2, 1, 8, 6, 9, 1, 0, 4, 7, 7, 5, 6, 2, 7, 5, 5, 3, 2, 0, 2, 9, 5, 7, 6, 9, 2, 5, 6, 9, 5, 1, 8, 2, 8, 2, 3, 2, 3, 8, 8, 3, 7, 9, 7, 5, 3, 8]
fib 394: [9, 8, 0, 9, 4, 6, 3, 5, 1, 7, 2, 6, 4, 6, 7, 0, 0, 2, 3, 0, 3, 8, 7, 8, 8, 6, 4, 9, 6, 5, 8, 2, 9, 5, 0, 9, 1, 9, 5, 6, 2, 7, 2, 6, 9, 9, 9, 5, 9, 3, 6, 6, 6, 3, 5, 6, 2, 0, 3, 4, 2, 4, 8, 7, 7, 2, 5, 3, 1, 4, 3, 4, 2, 5, 4, 9, 6, 6, 4, 5, 6, 7]
fib 395: [1, 5, 8, 7, 2, 0, 4, 5, 3, 8, 2, 3, 3, 6, 3, 2, 7, 0, 4, 4, 1, 2, 9, 1, 2, 5, 2, 6, 8, 0, 1, 4, 9, 7, 1, 9, 1, 3, 8, 2, 5, 3, 7, 7, 4, 7, 5, 5, 8, 6, 9, 1, 9, 8, 3, 8, 5, 7, 8, 0, 3, 5, 0, 5, 7, 2, 4, 3, 5, 9, 6, 6, 6, 6, 4, 3, 3, 4, 6, 2, 1, 0, 5]
fib 396: [2, 5, 6, 8, 1, 5, 0, 8, 8, 9, 9, 6, 0, 0, 9, 9, 7, 0, 6, 7, 1, 6, 7, 9, 1, 3, 9, 1, 7, 6, 7, 3, 2, 6, 7, 0, 0, 5, 7, 8, 1, 6, 5, 0, 1, 7, 5, 5, 4, 6, 2, 8, 6, 4, 7, 4, 1, 9, 8, 3, 7, 7, 5, 4, 4, 9, 6, 8, 9, 1, 1, 0, 0, 8, 9, 8, 3, 1, 2, 6, 6, 7, 2]
fib 397: [4, 1, 5, 5, 3, 5, 5, 4, 2, 8, 1, 9, 3, 7, 3, 2, 4, 1, 1, 1, 2, 9, 7, 0, 3, 9, 1, 8, 5, 6, 8, 8, 2, 3, 8, 9, 1, 9, 6, 0, 7, 0, 2, 7, 6, 5, 1, 1, 3, 3, 2, 0, 6, 3, 1, 2, 7, 7, 6, 4, 1, 2, 6, 0, 2, 2, 1, 2, 5, 0, 7, 6, 7, 5, 4, 1, 6, 5, 8, 8, 7, 7, 7]
fib 398: [6, 7, 2, 3, 5, 0, 6, 3, 1, 8, 1, 5, 3, 8, 3, 2, 1, 1, 7, 8, 4, 6, 4, 9, 5, 3, 1, 0, 3, 3, 6, 1, 5, 0, 5, 9, 2, 5, 3, 8, 8, 6, 7, 7, 8, 2, 6, 6, 7, 9, 4, 9, 2, 7, 8, 6, 9, 7, 4, 7, 9, 0, 1, 4, 7, 1, 8, 1, 4, 1, 8, 6, 8, 4, 3, 9, 9, 7, 1, 5, 4, 4, 9]
fib 399: [1, 0, 8, 7, 8, 8, 6, 1, 7, 4, 6, 3, 4, 7, 5, 6, 4, 5, 2, 8, 9, 7, 6, 1, 9, 9, 2, 2, 8, 9, 0, 4, 9, 7, 4, 4, 8, 4, 4, 9, 9, 5, 7, 0, 5, 4, 7, 7, 8, 1, 2, 6, 9, 9, 0, 9, 9, 7, 5, 1, 2, 0, 2, 7, 4, 9, 3, 9, 3, 9, 2, 6, 3, 5, 9, 8, 1, 6, 3, 0, 4, 2, 2, 6]
fib 400: [1, 7, 6, 0, 2, 3, 6, 8, 0, 6, 4, 5, 0, 1, 3, 9, 6, 6, 4, 6, 8, 2, 2, 6, 9, 4, 5, 3, 9, 2, 4, 1, 1, 2, 5, 0, 7, 7, 0, 3, 8, 4, 3, 8, 3, 3, 0, 4, 4, 9, 2, 1, 9, 1, 8, 8, 6, 7, 2, 5, 9, 9, 2, 8, 9, 6, 5, 7, 5, 3, 4, 5, 0, 4, 4, 2, 1, 6, 0, 1, 9, 6, 7, 5]
fib 401: [2, 8, 4, 8, 1, 2, 2, 9, 8, 1, 0, 8, 4, 8, 9, 6, 1, 1, 7, 5, 7, 9, 8, 8, 9, 3, 7, 6, 8, 1, 4, 6, 0, 9, 9, 5, 6, 1, 5, 3, 8, 0, 0, 8, 8, 7, 8, 2, 3, 0, 4, 8, 9, 0, 9, 8, 6, 4, 7, 7, 1, 9, 5, 6, 4, 5, 9, 6, 9, 2, 7, 1, 4, 0, 4, 0, 3, 2, 3, 2, 3, 9, 0, 1]
fib 402: [4, 6, 0, 8, 3, 5, 9, 7, 8, 7, 5, 3, 5, 0, 3, 5, 7, 8, 2, 2, 6, 2, 1, 5, 8, 8, 3, 0, 7, 3, 8, 7, 2, 2, 4, 6, 3, 8, 5, 7, 6, 4, 4, 7, 2, 0, 8, 6, 7, 9, 7, 0, 8, 2, 8, 7, 3, 2, 0, 3, 1, 8, 8, 5, 4, 2, 5, 4, 4, 6, 1, 6, 4, 4, 8, 2, 4, 8, 3, 4, 3, 5, 7, 6]
fib 403: [7, 4, 5, 6, 4, 8, 2, 7, 6, 8, 6, 1, 9, 9, 3, 1, 8, 9, 9, 8, 4, 2, 0, 4, 8, 2, 0, 7, 5, 5, 3, 3, 3, 2, 4, 2, 0, 0, 1, 1, 4, 4, 5, 6, 0, 8, 6, 9, 1, 0, 1, 9, 7, 3, 8, 5, 9, 6, 8, 0, 3, 8, 4, 1, 8, 8, 5, 1, 3, 8, 8, 7, 8, 5, 2, 2, 8, 0, 6, 6, 7, 4, 7, 7]
fib 404: [1, 2, 0, 6, 4, 8, 4, 2, 5, 5, 6, 1, 5, 4, 9, 6, 7, 6, 8, 2, 1, 0, 4, 2, 0, 7, 0, 3, 8, 2, 9, 2, 0, 5, 4, 8, 8, 3, 8, 6, 9, 0, 9, 0, 3, 2, 9, 5, 5, 8, 9, 9, 0, 5, 6, 7, 3, 2, 8, 8, 3, 5, 7, 2, 7, 3, 1, 0, 5, 8, 5, 0, 4, 3, 0, 0, 5, 2, 9, 0, 1, 1, 0, 5, 3]
fib 405: [1, 9, 5, 2, 1, 3, 2, 5, 3, 2, 4, 7, 7, 4, 8, 9, 9, 5, 8, 1, 9, 4, 6, 2, 5, 5, 2, 4, 5, 8, 4, 5, 3, 8, 7, 3, 0, 3, 8, 8, 0, 5, 3, 5, 9, 3, 8, 2, 5, 0, 0, 1, 0, 3, 0, 5, 9, 2, 5, 6, 3, 9, 5, 6, 9, 1, 9, 5, 7, 2, 3, 9, 2, 1, 5, 2, 8, 0, 9, 6, 7, 8, 5, 3, 0]
fib 406: [3, 1, 5, 8, 6, 1, 6, 7, 8, 8, 0, 9, 2, 9, 8, 6, 7, 2, 6, 4, 0, 5, 0, 4, 6, 2, 2, 8, 4, 1, 3, 7, 4, 4, 2, 1, 8, 7, 7, 4, 9, 6, 2, 6, 2, 6, 7, 8, 0, 9, 0, 0, 0, 8, 7, 3, 2, 5, 4, 4, 7, 5, 2, 9, 6, 5, 0, 6, 3, 0, 8, 9, 6, 4, 5, 3, 3, 3, 8, 6, 8, 9, 5, 8, 3]
fib 407: [5, 1, 1, 0, 7, 4, 9, 3, 2, 0, 5, 7, 0, 4, 7, 6, 6, 8, 4, 5, 9, 9, 6, 7, 1, 7, 5, 2, 9, 9, 8, 2, 8, 2, 9, 4, 9, 1, 6, 3, 0, 1, 6, 2, 2, 0, 6, 0, 5, 9, 0, 1, 1, 1, 7, 9, 1, 8, 0, 1, 1, 4, 8, 6, 5, 7, 0, 2, 0, 3, 2, 8, 8, 6, 0, 6, 1, 4, 8, 3, 6, 8, 1, 1, 3]
fib 408: [8, 2, 6, 9, 3, 6, 6, 1, 0, 8, 6, 6, 3, 4, 6, 3, 4, 1, 1, 0, 0, 4, 7, 1, 7, 9, 8, 1, 4, 1, 2, 0, 2, 7, 1, 6, 7, 9, 3, 7, 9, 7, 8, 8, 4, 7, 3, 8, 6, 8, 0, 1, 2, 0, 5, 2, 4, 3, 4, 5, 9, 0, 1, 6, 2, 2, 0, 8, 3, 4, 1, 8, 5, 0, 5, 9, 4, 8, 7, 0, 5, 7, 6, 9, 6]
fib 409: [1, 3, 3, 8, 0, 1, 1, 5, 4, 2, 9, 2, 3, 3, 9, 4, 0, 0, 9, 5, 6, 0, 4, 3, 8, 9, 7, 3, 4, 4, 1, 0, 3, 1, 0, 1, 1, 7, 1, 0, 0, 9, 9, 5, 0, 6, 7, 9, 9, 2, 7, 0, 2, 3, 2, 3, 1, 6, 1, 4, 7, 0, 5, 0, 2, 7, 9, 1, 0, 3, 7, 4, 7, 3, 6, 6, 5, 6, 3, 5, 4, 2, 5, 8, 0, 9]
fib 410: [2, 1, 6, 4, 9, 4, 8, 1, 5, 3, 7, 8, 9, 7, 4, 0, 3, 5, 0, 6, 6, 0, 9, 1, 0, 7, 7, 1, 5, 8, 2, 2, 3, 3, 7, 2, 8, 5, 0, 3, 8, 9, 7, 3, 9, 1, 5, 3, 7, 9, 5, 0, 3, 5, 2, 8, 4, 0, 4, 9, 2, 9, 5, 1, 9, 0, 1, 1, 8, 7, 1, 6, 5, 8, 7, 2, 5, 1, 2, 2, 4, 8, 3, 5, 0, 5]
fib 411: [3, 5, 0, 2, 9, 5, 9, 6, 9, 6, 7, 1, 3, 1, 3, 4, 3, 6, 0, 2, 2, 1, 3, 4, 9, 7, 4, 5, 0, 2, 3, 2, 6, 4, 7, 4, 0, 2, 1, 3, 9, 9, 6, 8, 9, 8, 3, 3, 7, 2, 2, 0, 5, 8, 5, 1, 5, 6, 6, 4, 0, 0, 0, 2, 1, 8, 0, 2, 9, 0, 9, 1, 3, 2, 3, 9, 0, 7, 5, 7, 9, 0, 9, 3, 1, 4]
fib 412: [5, 6, 6, 7, 9, 0, 7, 8, 5, 0, 5, 0, 2, 8, 7, 4, 7, 1, 0, 8, 8, 2, 2, 6, 0, 5, 1, 6, 6, 0, 5, 4, 9, 8, 4, 6, 8, 7, 1, 7, 8, 9, 4, 2, 8, 9, 8, 7, 5, 1, 7, 0, 9, 3, 7, 9, 9, 7, 1, 3, 2, 9, 5, 4, 0, 8, 1, 4, 7, 8, 0, 7, 9, 1, 1, 1, 5, 8, 8, 0, 3, 9, 2, 8, 1, 9]
fib 413: [9, 1, 7, 0, 8, 6, 7, 5, 4, 7, 2, 1, 6, 0, 0, 9, 0, 7, 1, 1, 0, 3, 6, 1, 0, 2, 6, 1, 6, 2, 8, 7, 6, 3, 2, 0, 8, 9, 3, 1, 8, 9, 1, 1, 8, 8, 2, 1, 2, 3, 9, 1, 5, 2, 3, 1, 5, 3, 7, 7, 2, 9, 5, 6, 2, 6, 1, 7, 6, 8, 9, 9, 2, 3, 5, 0, 6, 6, 3, 8, 3, 0, 2, 1, 3, 3]
fib 414: [1, 4, 8, 3, 8, 7, 7, 5, 3, 9, 7, 7, 1, 8, 8, 8, 3, 7, 8, 1, 9, 8, 5, 8, 7, 0, 7, 7, 8, 2, 3, 4, 2, 6, 1, 6, 7, 7, 6, 4, 9, 7, 8, 5, 4, 7, 8, 0, 8, 7, 5, 6, 2, 4, 6, 1, 1, 5, 0, 9, 0, 5, 9, 1, 0, 3, 4, 3, 2, 4, 7, 0, 7, 1, 4, 6, 2, 2, 5, 1, 8, 6, 9, 4, 9, 5, 2]
fib 415: [2, 4, 0, 0, 9, 6, 4, 2, 9, 4, 4, 9, 3, 4, 8, 9, 2, 8, 5, 3, 0, 8, 9, 4, 8, 1, 0, 3, 9, 8, 6, 3, 0, 2, 4, 8, 8, 6, 5, 8, 1, 6, 7, 6, 6, 6, 6, 2, 9, 9, 9, 5, 3, 9, 8, 4, 3, 0, 4, 6, 7, 8, 8, 6, 6, 6, 0, 5, 0, 1, 6, 0, 6, 3, 8, 1, 2, 9, 1, 5, 6, 9, 9, 7, 0, 8, 5]
fib 416: [3, 8, 8, 4, 8, 4, 1, 8, 3, 4, 2, 6, 5, 3, 7, 7, 6, 6, 3, 5, 0, 7, 5, 3, 5, 1, 8, 1, 8, 0, 9, 7, 2, 8, 6, 5, 6, 4, 2, 3, 1, 4, 6, 2, 1, 4, 4, 3, 8, 7, 5, 1, 6, 4, 4, 5, 4, 5, 5, 5, 8, 4, 7, 7, 6, 9, 4, 8, 2, 6, 3, 1, 3, 5, 2, 7, 5, 1, 6, 7, 5, 6, 9, 2, 0, 3, 7]
fib 417: [6, 2, 8, 5, 8, 0, 6, 1, 2, 8, 7, 5, 8, 8, 6, 6, 9, 4, 8, 8, 1, 6, 4, 8, 3, 2, 8, 5, 7, 9, 6, 0, 3, 1, 1, 4, 5, 0, 8, 1, 3, 1, 3, 8, 8, 1, 0, 6, 8, 7, 4, 7, 0, 4, 2, 9, 7, 6, 0, 2, 6, 3, 6, 4, 3, 5, 5, 3, 2, 7, 9, 1, 9, 9, 0, 8, 8, 0, 8, 3, 2, 6, 8, 9, 1, 2, 2]
fib 418: [1, 0, 1, 7, 0, 6, 4, 7, 9, 6, 3, 0, 2, 4, 2, 4, 4, 6, 1, 2, 3, 2, 4, 0, 1, 8, 4, 6, 7, 6, 0, 5, 7, 5, 9, 8, 0, 1, 5, 0, 4, 4, 6, 0, 0, 9, 5, 5, 0, 7, 4, 9, 8, 6, 8, 7, 5, 2, 1, 5, 8, 4, 8, 4, 2, 0, 5, 0, 1, 5, 4, 2, 3, 3, 4, 3, 6, 3, 2, 5, 0, 8, 3, 8, 1, 1, 5, 9]
fib 419: [1, 6, 4, 5, 6, 4, 5, 4, 0, 9, 1, 7, 8, 3, 1, 1, 1, 5, 6, 1, 1, 4, 0, 5, 0, 1, 7, 5, 3, 4, 0, 1, 7, 9, 0, 9, 4, 6, 5, 8, 5, 7, 7, 3, 9, 7, 6, 5, 7, 6, 2, 4, 5, 7, 3, 0, 4, 9, 7, 6, 1, 1, 2, 0, 6, 4, 0, 5, 4, 8, 2, 1, 5, 3, 3, 4, 5, 1, 3, 3, 4, 1, 0, 7, 0, 2, 8, 1]
fib 420: [2, 6, 6, 2, 7, 1, 0, 2, 0, 5, 4, 8, 0, 7, 3, 5, 6, 1, 7, 3, 4, 6, 4, 5, 2, 0, 2, 2, 1, 0, 0, 7, 5, 5, 0, 7, 4, 8, 0, 9, 0, 2, 3, 4, 0, 7, 2, 0, 8, 3, 7, 4, 4, 4, 1, 8, 0, 1, 9, 1, 9, 6, 0, 4, 8, 4, 5, 5, 6, 3, 6, 3, 8, 6, 7, 8, 1, 4, 5, 8, 4, 9, 4, 5, 1, 4, 4, 0]
fib 421: [4, 3, 0, 8, 3, 5, 5, 6, 1, 4, 6, 5, 9, 0, 4, 6, 7, 7, 3, 4, 6, 0, 5, 0, 2, 1, 9, 7, 4, 4, 0, 9, 3, 4, 1, 6, 9, 4, 6, 7, 6, 0, 0, 8, 0, 4, 8, 6, 5, 9, 9, 9, 0, 1, 4, 8, 5, 1, 6, 8, 0, 7, 2, 5, 4, 8, 6, 1, 1, 1, 8, 5, 4, 0, 1, 2, 6, 5, 9, 1, 9, 0, 5, 2, 1, 7, 2, 1]
fib 422: [6, 9, 7, 1, 0, 6, 5, 8, 2, 0, 1, 3, 9, 7, 8, 2, 3, 9, 0, 8, 0, 6, 9, 5, 4, 2, 1, 9, 5, 4, 1, 6, 8, 9, 2, 4, 4, 2, 7, 6, 6, 2, 4, 2, 1, 2, 0, 7, 4, 3, 7, 3, 4, 5, 6, 6, 5, 3, 6, 0, 0, 3, 3, 0, 3, 3, 1, 6, 7, 5, 4, 9, 2, 6, 9, 0, 8, 0, 5, 0, 3, 9, 9, 7, 3, 1, 6, 1]
fib 423: [1, 1, 2, 7, 9, 4, 2, 1, 4, 3, 4, 7, 9, 8, 8, 2, 9, 1, 6, 4, 2, 6, 7, 4, 5, 6, 4, 1, 6, 9, 8, 2, 6, 2, 3, 4, 1, 3, 7, 4, 4, 2, 2, 5, 0, 1, 6, 9, 4, 0, 3, 7, 2, 4, 7, 1, 5, 0, 5, 2, 8, 1, 0, 5, 5, 8, 1, 7, 7, 8, 7, 3, 4, 6, 7, 0, 3, 4, 6, 4, 2, 3, 0, 4, 9, 4, 8, 8, 2]
fib 424: [1, 8, 2, 5, 0, 4, 8, 7, 2, 5, 4, 9, 3, 8, 6, 1, 1, 5, 5, 5, 0, 7, 4, 4, 1, 0, 6, 3, 6, 5, 2, 4, 3, 1, 2, 6, 5, 8, 0, 2, 0, 8, 4, 9, 2, 2, 9, 0, 1, 4, 7, 4, 5, 9, 2, 8, 1, 5, 8, 8, 8, 1, 3, 8, 6, 1, 4, 9, 4, 6, 2, 8, 3, 9, 3, 9, 4, 2, 6, 9, 2, 7, 0, 4, 6, 8, 0, 4, 3]
fib 425: [2, 9, 5, 2, 9, 9, 0, 8, 6, 8, 9, 7, 3, 7, 4, 4, 0, 7, 1, 9, 3, 4, 1, 8, 6, 7, 0, 5, 3, 5, 0, 6, 9, 3, 6, 0, 7, 1, 7, 6, 5, 0, 7, 4, 2, 4, 5, 9, 5, 5, 1, 1, 8, 3, 9, 9, 6, 6, 4, 1, 6, 2, 4, 4, 1, 9, 6, 7, 2, 5, 0, 1, 8, 6, 0, 9, 7, 7, 3, 3, 5, 0, 0, 9, 6, 2, 9, 2, 5]
fib 426: [4, 7, 7, 8, 0, 3, 9, 5, 9, 4, 4, 6, 7, 6, 0, 5, 2, 2, 7, 4, 4, 1, 6, 2, 7, 7, 6, 9, 0, 0, 3, 1, 2, 4, 8, 7, 2, 9, 7, 8, 5, 9, 2, 3, 4, 7, 4, 9, 6, 9, 8, 6, 4, 3, 2, 7, 8, 2, 3, 0, 4, 3, 8, 2, 8, 1, 1, 6, 7, 1, 3, 0, 2, 5, 4, 9, 2, 0, 0, 2, 7, 7, 1, 4, 3, 0, 9, 6, 8]
fib 427: [7, 7, 3, 1, 0, 3, 0, 4, 6, 3, 4, 4, 1, 3, 4, 9, 2, 9, 9, 3, 7, 5, 8, 1, 4, 4, 7, 4, 3, 5, 3, 8, 1, 8, 4, 8, 0, 1, 5, 5, 0, 9, 9, 7, 7, 2, 0, 9, 2, 4, 9, 8, 2, 7, 2, 7, 4, 8, 7, 2, 0, 6, 2, 7, 0, 0, 8, 3, 9, 6, 3, 2, 1, 1, 5, 8, 9, 7, 3, 6, 2, 7, 2, 3, 9, 3, 8, 9, 3]
fib 428: [1, 2, 5, 0, 9, 0, 7, 0, 0, 5, 7, 9, 0, 8, 9, 5, 4, 5, 2, 6, 8, 1, 7, 4, 4, 2, 2, 4, 3, 3, 5, 6, 9, 4, 3, 3, 5, 3, 1, 3, 3, 6, 9, 2, 1, 1, 9, 5, 8, 9, 4, 8, 4, 7, 0, 5, 5, 3, 1, 0, 2, 5, 0, 0, 9, 8, 2, 0, 0, 6, 7, 6, 2, 3, 7, 0, 8, 1, 7, 3, 9, 0, 4, 3, 8, 2, 4, 8, 6, 1]
fib 429: [2, 0, 2, 4, 0, 1, 0, 0, 5, 2, 1, 3, 5, 0, 3, 0, 3, 8, 2, 6, 1, 9, 3, 2, 5, 6, 7, 1, 7, 7, 1, 0, 7, 6, 1, 8, 3, 3, 2, 8, 8, 7, 9, 1, 8, 9, 1, 6, 8, 1, 9, 8, 2, 9, 7, 8, 2, 7, 9, 7, 4, 5, 6, 3, 6, 8, 2, 8, 4, 6, 3, 9, 4, 4, 8, 6, 7, 1, 4, 7, 5, 3, 1, 6, 2, 1, 8, 7, 5, 4]
fib 430: [3, 2, 7, 4, 9, 1, 7, 0, 5, 7, 9, 2, 5, 9, 2, 5, 8, 3, 5, 3, 0, 1, 0, 6, 9, 8, 9, 6, 1, 0, 6, 7, 7, 0, 5, 1, 8, 6, 4, 2, 2, 4, 8, 4, 0, 1, 1, 2, 7, 1, 4, 6, 7, 6, 8, 3, 8, 1, 0, 7, 7, 0, 6, 4, 6, 6, 4, 8, 5, 3, 1, 5, 6, 8, 5, 7, 5, 3, 2, 1, 4, 3, 6, 0, 0, 4, 3, 6, 1, 5]
fib 431: [5, 2, 9, 8, 9, 2, 7, 1, 1, 0, 0, 6, 0, 9, 5, 6, 2, 1, 7, 9, 2, 0, 3, 9, 5, 5, 6, 7, 8, 7, 7, 8, 4, 6, 7, 0, 1, 9, 7, 1, 1, 2, 7, 5, 9, 0, 2, 9, 5, 3, 4, 5, 0, 6, 6, 2, 0, 9, 0, 5, 1, 6, 2, 8, 3, 4, 7, 6, 9, 9, 5, 5, 1, 3, 4, 4, 2, 4, 6, 8, 9, 6, 7, 6, 2, 6, 2, 3, 6, 9]
fib 432: [8, 5, 7, 3, 8, 4, 4, 1, 6, 7, 9, 8, 6, 8, 8, 2, 0, 5, 3, 2, 2, 1, 4, 6, 5, 4, 6, 3, 9, 8, 4, 6, 1, 7, 2, 2, 0, 6, 1, 3, 3, 7, 5, 9, 9, 1, 4, 2, 2, 4, 9, 1, 8, 3, 4, 5, 9, 0, 1, 2, 8, 6, 9, 3, 0, 1, 2, 5, 5, 2, 7, 0, 8, 2, 0, 1, 7, 7, 9, 0, 4, 0, 3, 6, 3, 0, 5, 9, 8, 4]
fib 433: [1, 3, 8, 7, 2, 7, 7, 1, 2, 7, 8, 0, 4, 7, 8, 3, 8, 2, 7, 1, 1, 4, 1, 8, 6, 1, 0, 3, 1, 8, 6, 2, 4, 6, 3, 9, 2, 2, 5, 8, 4, 5, 0, 3, 5, 8, 1, 7, 1, 7, 8, 3, 6, 9, 0, 0, 7, 9, 9, 1, 8, 0, 3, 2, 1, 3, 6, 0, 2, 5, 2, 2, 5, 9, 5, 4, 6, 0, 2, 5, 9, 3, 7, 1, 2, 5, 6, 8, 3, 5, 3]
fib 434: [2, 2, 4, 4, 6, 6, 1, 5, 4, 4, 6, 0, 3, 4, 7, 2, 0, 3, 2, 4, 3, 6, 3, 3, 2, 6, 4, 9, 5, 8, 4, 7, 0, 8, 1, 1, 4, 3, 1, 9, 7, 8, 7, 9, 5, 7, 3, 1, 4, 0, 3, 2, 8, 7, 3, 5, 3, 8, 9, 3, 0, 9, 0, 1, 4, 3, 7, 2, 8, 0, 4, 9, 6, 7, 7, 4, 7, 8, 0, 4, 9, 7, 7, 4, 8, 8, 7, 4, 3, 3, 7]
fib 435: [3, 6, 3, 1, 9, 3, 8, 6, 7, 2, 4, 0, 8, 2, 5, 5, 8, 5, 9, 5, 5, 0, 5, 1, 8, 7, 5, 2, 7, 7, 0, 9, 5, 4, 5, 0, 6, 5, 7, 8, 2, 3, 8, 3, 1, 5, 4, 8, 5, 8, 1, 6, 5, 6, 3, 6, 1, 8, 8, 4, 8, 9, 3, 3, 5, 7, 3, 3, 0, 5, 7, 2, 2, 7, 2, 9, 3, 8, 3, 0, 9, 1, 4, 6, 1, 4, 4, 2, 6, 9, 0]
fib 436: [5, 8, 7, 6, 6, 0, 0, 2, 1, 7, 0, 1, 1, 7, 2, 7, 8, 9, 1, 9, 8, 6, 8, 5, 1, 4, 0, 2, 3, 5, 5, 6, 6, 2, 6, 2, 0, 8, 9, 8, 0, 2, 6, 2, 7, 2, 7, 9, 9, 8, 4, 9, 4, 3, 7, 1, 5, 7, 7, 7, 9, 8, 3, 5, 0, 1, 0, 5, 8, 6, 2, 1, 9, 5, 0, 4, 1, 6, 3, 5, 8, 9, 2, 1, 0, 3, 1, 7, 0, 2, 7]
fib 437: [9, 5, 0, 8, 5, 3, 8, 8, 8, 9, 4, 1, 9, 9, 8, 3, 7, 5, 1, 5, 3, 7, 3, 7, 0, 1, 5, 5, 1, 2, 6, 6, 1, 7, 1, 2, 7, 4, 7, 6, 2, 6, 4, 5, 8, 8, 2, 8, 5, 6, 6, 6, 0, 0, 0, 7, 7, 6, 6, 2, 8, 7, 6, 8, 5, 8, 3, 8, 9, 1, 9, 4, 2, 2, 3, 3, 5, 4, 6, 6, 8, 0, 6, 7, 1, 7, 5, 9, 7, 1, 7]
fib 438: [1, 5, 3, 8, 5, 1, 3, 9, 1, 0, 6, 4, 3, 1, 7, 1, 1, 6, 4, 3, 5, 2, 4, 2, 2, 1, 5, 5, 7, 4, 8, 2, 2, 7, 9, 7, 4, 8, 3, 7, 4, 2, 9, 0, 8, 6, 1, 0, 8, 5, 5, 1, 5, 4, 3, 7, 9, 3, 4, 4, 0, 8, 6, 0, 3, 5, 9, 4, 4, 7, 8, 1, 6, 1, 7, 3, 7, 7, 1, 0, 2, 6, 9, 8, 8, 2, 0, 7, 6, 7, 4, 4]
fib 439: [2, 4, 8, 9, 3, 6, 7, 7, 9, 9, 5, 8, 5, 1, 6, 9, 5, 3, 9, 5, 0, 6, 1, 5, 9, 1, 7, 1, 2, 6, 0, 8, 8, 9, 6, 8, 7, 5, 8, 5, 0, 5, 5, 5, 4, 4, 9, 3, 7, 1, 1, 8, 1, 4, 3, 8, 7, 1, 1, 0, 3, 7, 3, 7, 2, 1, 7, 8, 3, 7, 0, 1, 0, 3, 9, 7, 1, 2, 5, 6, 9, 5, 0, 5, 5, 3, 8, 3, 6, 4, 6, 1]
fib 440: [4, 0, 2, 7, 8, 8, 1, 7, 1, 0, 2, 2, 8, 3, 4, 0, 7, 0, 3, 8, 5, 8, 5, 8, 1, 3, 2, 7, 0, 0, 9, 1, 1, 7, 6, 6, 2, 4, 2, 2, 4, 8, 4, 6, 3, 1, 0, 4, 5, 6, 6, 9, 6, 8, 7, 6, 6, 4, 5, 4, 4, 5, 9, 7, 5, 7, 7, 2, 8, 4, 8, 2, 6, 5, 7, 0, 8, 9, 6, 7, 2, 2, 0, 4, 3, 5, 9, 1, 3, 2, 0, 5]
fib 441: [6, 5, 1, 7, 2, 4, 9, 5, 0, 9, 8, 1, 3, 5, 1, 0, 2, 4, 3, 3, 6, 4, 7, 4, 0, 4, 9, 8, 2, 7, 0, 0, 0, 7, 3, 5, 0, 0, 0, 7, 5, 4, 0, 1, 7, 5, 9, 8, 2, 7, 8, 7, 8, 3, 1, 5, 3, 5, 6, 4, 8, 3, 3, 4, 7, 9, 5, 1, 2, 1, 8, 3, 6, 9, 6, 8, 0, 2, 2, 4, 1, 7, 0, 9, 8, 9, 7, 4, 9, 6, 6, 6]
fib 442: [1, 0, 5, 4, 5, 1, 3, 1, 2, 2, 0, 0, 4, 1, 8, 5, 0, 9, 4, 7, 2, 2, 3, 3, 2, 1, 8, 2, 5, 2, 7, 9, 1, 2, 5, 0, 1, 2, 4, 3, 0, 0, 2, 4, 8, 0, 7, 0, 2, 8, 4, 5, 7, 5, 1, 9, 2, 0, 0, 1, 9, 2, 9, 3, 2, 3, 7, 2, 4, 0, 6, 6, 6, 3, 5, 3, 8, 9, 1, 9, 1, 3, 9, 1, 4, 2, 5, 6, 6, 2, 8, 7, 1]
fib 443: [1, 7, 0, 6, 2, 3, 8, 0, 7, 2, 9, 8, 5, 5, 3, 6, 1, 1, 9, 0, 5, 8, 8, 0, 6, 2, 3, 2, 3, 5, 4, 9, 1, 3, 2, 3, 6, 2, 4, 3, 7, 5, 6, 4, 9, 8, 3, 0, 1, 1, 2, 4, 5, 3, 5, 0, 7, 3, 5, 8, 4, 1, 2, 6, 7, 1, 6, 7, 5, 2, 8, 5, 0, 0, 5, 0, 6, 9, 4, 1, 5, 5, 6, 2, 4, 1, 5, 4, 1, 2, 5, 3, 7]
fib 444: [2, 7, 6, 0, 7, 5, 1, 1, 9, 4, 9, 8, 9, 7, 2, 1, 2, 1, 3, 7, 8, 1, 1, 3, 8, 4, 1, 4, 8, 8, 2, 8, 2, 5, 7, 3, 7, 4, 8, 6, 7, 5, 8, 9, 7, 9, 0, 0, 3, 9, 7, 0, 2, 8, 6, 9, 9, 3, 6, 0, 3, 4, 1, 9, 9, 5, 3, 9, 9, 3, 5, 1, 6, 4, 0, 4, 5, 8, 6, 0, 6, 9, 5, 3, 8, 4, 1, 0, 7, 5, 4, 0, 8]
fib 445: [4, 4, 6, 6, 9, 8, 9, 2, 6, 7, 9, 7, 5, 2, 5, 7, 3, 3, 2, 8, 3, 9, 9, 4, 4, 6, 4, 7, 2, 3, 7, 7, 3, 8, 9, 7, 3, 7, 3, 0, 5, 1, 5, 4, 7, 7, 3, 0, 5, 0, 9, 4, 8, 2, 2, 0, 6, 7, 1, 8, 7, 5, 4, 6, 6, 7, 0, 7, 4, 6, 3, 6, 6, 4, 5, 5, 2, 8, 0, 2, 2, 5, 1, 6, 2, 5, 6, 4, 8, 7, 9, 4, 5]
fib 446: [7, 2, 2, 7, 7, 4, 0, 4, 6, 2, 9, 6, 4, 9, 7, 8, 5, 4, 6, 6, 2, 1, 0, 8, 3, 0, 6, 2, 1, 2, 0, 5, 6, 4, 7, 1, 1, 2, 1, 7, 2, 7, 4, 4, 5, 6, 3, 0, 9, 0, 6, 5, 1, 0, 9, 0, 6, 0, 7, 9, 0, 9, 6, 6, 6, 2, 4, 7, 3, 9, 8, 8, 2, 8, 5, 9, 8, 6, 6, 2, 9, 4, 7, 0, 0, 9, 7, 5, 6, 3, 3, 5, 3]
fib 447: [1, 1, 6, 9, 4, 7, 2, 9, 7, 3, 0, 9, 4, 0, 2, 3, 5, 8, 7, 9, 4, 6, 1, 0, 2, 7, 7, 0, 9, 3, 5, 8, 3, 0, 3, 6, 8, 4, 9, 4, 7, 7, 8, 9, 9, 3, 3, 6, 1, 4, 1, 5, 9, 9, 3, 1, 1, 2, 7, 9, 7, 8, 5, 1, 3, 2, 9, 5, 4, 8, 6, 2, 4, 9, 3, 1, 5, 1, 4, 6, 5, 1, 9, 8, 6, 3, 5, 4, 0, 5, 1, 2, 9, 8]
fib 448: [1, 8, 9, 2, 2, 4, 7, 0, 1, 9, 3, 9, 0, 5, 2, 1, 4, 4, 2, 6, 0, 8, 2, 1, 1, 0, 7, 7, 1, 4, 7, 8, 8, 6, 8, 3, 9, 6, 1, 6, 5, 0, 6, 4, 3, 8, 9, 9, 2, 3, 2, 2, 5, 0, 4, 0, 1, 8, 8, 7, 6, 9, 4, 7, 9, 9, 2, 0, 2, 2, 6, 1, 3, 2, 1, 7, 5, 0, 1, 2, 8, 1, 4, 5, 6, 4, 5, 1, 6, 1, 4, 6, 5, 1]
fib 449: [3, 0, 6, 1, 7, 1, 9, 9, 9, 2, 4, 8, 4, 5, 4, 5, 0, 3, 0, 5, 5, 4, 3, 1, 3, 8, 4, 8, 0, 8, 3, 7, 1, 7, 2, 0, 8, 1, 1, 1, 2, 8, 5, 4, 3, 2, 3, 5, 3, 7, 3, 8, 4, 9, 7, 1, 3, 1, 6, 7, 4, 7, 9, 9, 3, 2, 1, 5, 7, 1, 2, 3, 8, 1, 4, 9, 0, 1, 5, 9, 3, 3, 4, 4, 2, 8, 0, 5, 6, 6, 5, 9, 4, 9]
fib 450: [4, 9, 5, 3, 9, 6, 7, 0, 1, 1, 8, 7, 5, 0, 6, 6, 4, 7, 3, 1, 6, 2, 5, 2, 4, 9, 2, 5, 2, 3, 1, 6, 0, 4, 0, 4, 7, 7, 2, 7, 7, 9, 1, 8, 7, 1, 3, 4, 6, 0, 6, 1, 0, 0, 1, 1, 5, 0, 5, 5, 1, 7, 4, 7, 3, 1, 3, 5, 9, 3, 8, 5, 1, 3, 6, 6, 5, 1, 7, 2, 1, 4, 8, 9, 9, 2, 5, 7, 2, 8, 0, 6, 0, 0]
fib 451: [8, 0, 1, 5, 6, 8, 7, 0, 0, 4, 3, 5, 9, 6, 1, 1, 5, 0, 3, 7, 1, 6, 8, 3, 8, 7, 7, 3, 3, 1, 5, 3, 2, 1, 2, 5, 5, 8, 3, 9, 0, 7, 7, 3, 0, 3, 6, 9, 9, 7, 9, 9, 4, 9, 8, 2, 8, 2, 2, 2, 6, 5, 4, 6, 6, 3, 5, 1, 6, 5, 0, 8, 9, 5, 1, 5, 5, 3, 3, 1, 4, 8, 3, 4, 2, 0, 6, 2, 9, 4, 6, 5, 4, 9]
fib 452: [1, 2, 9, 6, 9, 6, 5, 4, 0, 1, 6, 2, 3, 4, 6, 7, 7, 9, 7, 6, 8, 7, 9, 3, 6, 3, 6, 9, 8, 5, 4, 6, 9, 2, 5, 3, 0, 3, 5, 6, 6, 8, 6, 9, 1, 7, 5, 0, 4, 5, 8, 6, 0, 4, 9, 9, 4, 3, 2, 7, 7, 8, 2, 9, 3, 9, 4, 8, 7, 5, 8, 9, 4, 0, 8, 8, 2, 0, 5, 0, 3, 6, 3, 2, 4, 1, 3, 2, 0, 2, 2, 7, 1, 4, 9]
fib 453: [2, 0, 9, 8, 5, 3, 4, 1, 0, 2, 0, 5, 9, 4, 2, 8, 9, 4, 8, 0, 5, 9, 6, 2, 0, 2, 4, 7, 1, 8, 6, 2, 2, 4, 6, 5, 5, 9, 4, 0, 5, 9, 4, 6, 4, 7, 8, 7, 4, 5, 6, 5, 9, 9, 9, 7, 7, 1, 5, 0, 0, 4, 8, 4, 0, 5, 8, 3, 9, 2, 4, 0, 3, 0, 3, 9, 7, 5, 8, 3, 5, 1, 1, 5, 8, 3, 3, 8, 3, 1, 7, 3, 6, 9, 8]
fib 454: [3, 3, 9, 5, 4, 9, 9, 5, 0, 3, 6, 8, 2, 8, 9, 6, 7, 4, 5, 7, 4, 7, 5, 5, 6, 6, 1, 7, 0, 4, 0, 9, 1, 7, 1, 8, 6, 2, 9, 7, 2, 8, 1, 5, 6, 5, 3, 7, 9, 1, 5, 2, 0, 4, 9, 7, 1, 4, 7, 7, 8, 3, 1, 3, 4, 5, 3, 2, 6, 8, 2, 9, 7, 1, 2, 7, 9, 6, 3, 3, 8, 7, 4, 8, 2, 4, 7, 0, 3, 4, 0, 0, 8, 4, 7]
fib 455: [5, 4, 9, 4, 0, 3, 3, 6, 0, 5, 7, 4, 2, 3, 2, 5, 6, 9, 3, 8, 0, 7, 1, 7, 6, 8, 6, 4, 2, 2, 7, 1, 4, 1, 8, 4, 2, 2, 3, 7, 8, 7, 6, 2, 1, 3, 2, 5, 3, 7, 1, 8, 0, 4, 9, 4, 8, 6, 2, 7, 8, 7, 9, 7, 5, 1, 1, 6, 6, 0, 7, 0, 0, 1, 6, 7, 7, 2, 1, 7, 3, 8, 6, 4, 0, 8, 0, 8, 6, 5, 7, 4, 5, 4, 5]
fib 456: [8, 8, 8, 9, 5, 3, 3, 1, 0, 9, 4, 2, 5, 2, 2, 2, 4, 3, 9, 5, 5, 4, 7, 3, 3, 4, 8, 1, 2, 6, 8, 0, 5, 9, 0, 2, 8, 5, 3, 5, 1, 5, 7, 7, 7, 8, 6, 3, 2, 8, 7, 0, 0, 9, 9, 2, 0, 1, 0, 5, 7, 1, 1, 0, 9, 6, 4, 9, 2, 8, 9, 9, 7, 2, 9, 5, 6, 8, 5, 1, 2, 6, 1, 2, 3, 2, 7, 8, 9, 9, 7, 5, 3, 9, 2]
fib 457: [1, 4, 3, 8, 3, 5, 6, 6, 7, 1, 5, 1, 6, 7, 5, 4, 8, 1, 3, 3, 3, 6, 1, 9, 1, 0, 3, 4, 5, 4, 9, 5, 2, 0, 0, 8, 7, 0, 7, 7, 3, 0, 3, 3, 9, 9, 1, 8, 8, 6, 5, 8, 8, 1, 4, 8, 6, 8, 7, 3, 3, 5, 9, 0, 8, 4, 7, 6, 5, 8, 9, 6, 9, 7, 4, 6, 3, 4, 0, 6, 8, 6, 4, 7, 6, 4, 0, 8, 7, 6, 5, 4, 9, 9, 3, 7]
fib 458: [2, 3, 2, 7, 3, 0, 9, 9, 8, 2, 4, 5, 9, 2, 7, 7, 0, 5, 7, 2, 9, 1, 6, 6, 4, 3, 8, 2, 6, 7, 6, 3, 2, 5, 9, 8, 9, 9, 3, 0, 8, 1, 9, 1, 7, 7, 0, 5, 1, 9, 4, 5, 8, 2, 4, 7, 8, 8, 8, 3, 9, 3, 0, 1, 9, 4, 4, 1, 5, 1, 8, 6, 9, 4, 7, 5, 9, 0, 9, 1, 9, 9, 0, 8, 8, 7, 3, 6, 6, 6, 5, 2, 5, 3, 2, 9]
fib 459: [3, 7, 6, 5, 6, 6, 6, 6, 5, 3, 9, 7, 6, 0, 3, 1, 8, 7, 0, 6, 2, 7, 8, 5, 5, 4, 1, 7, 2, 2, 5, 8, 4, 6, 0, 7, 7, 0, 0, 8, 1, 2, 2, 5, 7, 6, 2, 4, 0, 6, 0, 4, 6, 3, 9, 6, 5, 7, 5, 7, 2, 8, 9, 2, 7, 9, 1, 8, 1, 0, 8, 3, 9, 2, 2, 2, 2, 4, 9, 8, 8, 5, 5, 6, 5, 1, 4, 5, 4, 3, 0, 7, 5, 2, 6, 6]
fib 460: [6, 0, 9, 2, 9, 7, 6, 6, 3, 6, 4, 3, 5, 3, 0, 8, 9, 2, 7, 9, 1, 9, 5, 1, 9, 7, 9, 9, 9, 0, 2, 1, 7, 2, 0, 6, 6, 9, 3, 8, 9, 4, 1, 7, 5, 3, 2, 9, 2, 5, 5, 0, 4, 6, 4, 4, 4, 6, 4, 1, 2, 1, 9, 4, 7, 3, 5, 9, 6, 2, 7, 0, 8, 6, 9, 8, 1, 5, 9, 0, 8, 4, 6, 5, 3, 8, 8, 2, 0, 9, 6, 0, 0, 5, 9, 5]
fib 461: [9, 8, 5, 8, 6, 4, 3, 2, 9, 0, 4, 1, 1, 3, 4, 0, 7, 9, 8, 5, 4, 7, 3, 7, 5, 2, 1, 7, 1, 2, 8, 0, 1, 8, 1, 4, 3, 9, 4, 7, 0, 6, 4, 3, 2, 9, 5, 3, 3, 1, 5, 5, 1, 0, 4, 1, 0, 3, 9, 8, 5, 0, 8, 7, 5, 2, 7, 7, 7, 3, 5, 4, 7, 9, 2, 0, 4, 0, 8, 9, 7, 0, 2, 1, 9, 0, 2, 7, 5, 2, 6, 7, 5, 8, 6, 1]
fib 462: [1, 5, 9, 5, 1, 6, 1, 9, 9, 2, 6, 8, 4, 6, 6, 4, 9, 7, 2, 6, 4, 6, 6, 8, 9, 5, 0, 1, 7, 0, 3, 0, 1, 9, 0, 2, 1, 0, 8, 8, 6, 0, 0, 6, 0, 8, 2, 8, 2, 5, 7, 0, 5, 5, 6, 8, 5, 5, 0, 3, 9, 7, 2, 8, 2, 2, 6, 3, 7, 3, 6, 2, 5, 6, 6, 1, 8, 5, 6, 8, 0, 5, 4, 8, 7, 2, 9, 0, 9, 6, 2, 2, 7, 6, 4, 5, 6]
fib 463: [2, 5, 8, 1, 0, 2, 6, 3, 2, 1, 7, 2, 5, 7, 9, 9, 0, 5, 2, 5, 0, 1, 4, 2, 7, 0, 2, 3, 4, 1, 5, 8, 2, 0, 8, 3, 5, 4, 8, 3, 3, 0, 7, 0, 4, 1, 2, 3, 5, 8, 8, 6, 0, 6, 7, 2, 6, 5, 4, 3, 8, 2, 3, 6, 9, 7, 9, 1, 5, 0, 9, 8, 0, 4, 5, 3, 8, 9, 7, 7, 0, 2, 5, 0, 9, 1, 9, 3, 7, 1, 4, 9, 5, 2, 3, 1, 7]
fib 464: [4, 1, 7, 6, 1, 8, 8, 3, 1, 4, 4, 1, 0, 4, 6, 4, 0, 2, 5, 1, 4, 8, 1, 1, 6, 5, 2, 5, 1, 1, 8, 8, 3, 9, 8, 5, 6, 5, 7, 1, 9, 0, 7, 6, 4, 9, 5, 1, 8, 4, 5, 6, 6, 2, 4, 1, 2, 0, 4, 7, 7, 9, 6, 5, 2, 0, 5, 5, 2, 4, 6, 0, 6, 1, 1, 5, 7, 5, 4, 5, 0, 7, 9, 9, 6, 4, 8, 4, 6, 7, 7, 2, 2, 8, 7, 7, 3]
fib 465: [6, 7, 5, 7, 2, 1, 4, 6, 3, 6, 1, 3, 6, 2, 6, 3, 0, 7, 7, 6, 4, 9, 5, 4, 3, 5, 4, 8, 5, 3, 4, 6, 6, 0, 6, 9, 2, 0, 5, 5, 2, 1, 4, 6, 9, 0, 7, 5, 4, 3, 4, 2, 6, 9, 1, 3, 8, 5, 9, 1, 6, 2, 0, 2, 1, 8, 4, 6, 7, 5, 5, 8, 6, 5, 6, 9, 6, 5, 2, 2, 1, 0, 5, 0, 5, 6, 7, 8, 3, 9, 2, 1, 8, 1, 0, 9, 0]
fib 466: [1, 0, 9, 3, 3, 4, 0, 2, 9, 5, 0, 5, 4, 6, 7, 2, 7, 1, 0, 2, 7, 9, 7, 6, 6, 0, 0, 7, 3, 6, 5, 3, 5, 0, 0, 5, 4, 8, 6, 2, 7, 1, 2, 2, 3, 4, 0, 2, 7, 2, 7, 9, 9, 3, 1, 5, 5, 0, 6, 3, 9, 4, 1, 6, 7, 3, 9, 0, 2, 0, 0, 1, 9, 2, 6, 8, 5, 4, 0, 6, 7, 1, 8, 5, 0, 2, 1, 6, 3, 0, 6, 9, 4, 0, 9, 8, 6, 3]
fib 467: [1, 7, 6, 9, 0, 6, 1, 7, 5, 8, 6, 6, 8, 2, 9, 9, 0, 1, 8, 0, 4, 4, 7, 2, 0, 3, 6, 2, 2, 1, 8, 8, 1, 6, 1, 2, 4, 0, 6, 8, 2, 3, 3, 7, 0, 3, 1, 0, 2, 7, 1, 4, 2, 0, 0, 6, 8, 9, 2, 3, 1, 0, 3, 6, 9, 5, 7, 4, 8, 7, 5, 7, 7, 9, 2, 5, 5, 0, 5, 8, 9, 2, 9, 0, 0, 7, 8, 4, 1, 4, 6, 1, 5, 9, 0, 9, 5, 3]
fib 468: [2, 8, 6, 2, 4, 0, 2, 0, 5, 3, 7, 2, 2, 9, 7, 1, 7, 2, 8, 3, 2, 4, 4, 8, 6, 3, 6, 9, 5, 8, 4, 1, 6, 6, 1, 7, 8, 9, 3, 0, 9, 4, 5, 9, 3, 7, 1, 2, 9, 9, 9, 4, 1, 3, 2, 2, 3, 9, 8, 7, 0, 4, 5, 3, 6, 9, 6, 5, 0, 7, 5, 9, 7, 1, 9, 4, 0, 4, 6, 5, 6, 4, 7, 5, 1, 0, 0, 0, 4, 5, 3, 1, 0, 0, 0, 8, 1, 6]
fib 469: [4, 6, 3, 1, 4, 6, 3, 8, 1, 2, 3, 9, 1, 2, 7, 0, 7, 4, 6, 3, 6, 9, 2, 0, 6, 7, 3, 1, 8, 0, 2, 9, 8, 2, 3, 0, 2, 9, 9, 9, 1, 7, 9, 6, 4, 0, 2, 3, 2, 7, 0, 8, 3, 3, 2, 9, 2, 9, 1, 0, 1, 4, 9, 0, 6, 5, 3, 9, 9, 5, 1, 7, 5, 1, 1, 9, 5, 5, 2, 4, 5, 7, 6, 5, 1, 7, 8, 4, 5, 9, 9, 2, 5, 9, 1, 7, 6, 9]
fib 470: [7, 4, 9, 3, 8, 6, 5, 8, 6, 6, 1, 1, 4, 2, 4, 2, 4, 7, 4, 6, 9, 3, 6, 9, 3, 1, 0, 1, 3, 8, 7, 1, 4, 8, 4, 8, 1, 9, 3, 0, 1, 2, 5, 5, 7, 7, 3, 6, 2, 7, 0, 2, 4, 6, 5, 1, 6, 8, 9, 7, 1, 9, 4, 4, 3, 5, 0, 5, 0, 2, 7, 7, 2, 3, 1, 3, 5, 9, 9, 0, 2, 2, 4, 0, 2, 7, 8, 5, 0, 5, 2, 3, 5, 9, 2, 5, 8, 5]
fib 471: [1, 2, 1, 2, 5, 3, 2, 9, 6, 7, 8, 5, 0, 5, 5, 1, 3, 2, 2, 1, 0, 6, 2, 8, 9, 9, 8, 3, 3, 1, 9, 0, 1, 3, 0, 7, 8, 4, 9, 2, 9, 3, 0, 5, 2, 1, 7, 5, 9, 5, 4, 1, 0, 7, 9, 8, 0, 9, 8, 0, 7, 3, 4, 3, 5, 0, 0, 4, 4, 9, 7, 9, 4, 7, 4, 3, 3, 1, 5, 1, 4, 8, 0, 0, 5, 4, 5, 6, 9, 6, 5, 1, 6, 1, 8, 4, 3, 5, 4]
fib 472: [1, 9, 6, 1, 9, 1, 9, 5, 5, 4, 4, 6, 1, 9, 7, 5, 5, 6, 9, 5, 7, 5, 6, 5, 9, 2, 9, 3, 4, 5, 7, 7, 2, 7, 9, 2, 6, 6, 8, 5, 9, 4, 3, 0, 7, 9, 4, 9, 5, 8, 1, 1, 3, 2, 6, 3, 2, 6, 7, 0, 4, 5, 3, 7, 9, 3, 5, 5, 0, 0, 0, 7, 1, 9, 7, 4, 6, 7, 5, 0, 5, 0, 2, 4, 5, 7, 3, 5, 4, 7, 0, 3, 9, 7, 7, 6, 9, 3, 9]
fib 473: [3, 1, 7, 4, 4, 5, 2, 5, 2, 2, 3, 1, 2, 5, 2, 6, 8, 9, 1, 6, 8, 1, 9, 4, 9, 2, 7, 6, 7, 7, 6, 7, 4, 1, 0, 0, 5, 1, 7, 8, 8, 7, 3, 6, 0, 1, 2, 5, 5, 3, 5, 2, 4, 0, 6, 1, 3, 6, 5, 1, 1, 8, 8, 1, 4, 3, 5, 9, 4, 9, 8, 6, 6, 7, 1, 7, 9, 9, 0, 1, 9, 8, 2, 5, 1, 1, 9, 2, 4, 3, 5, 5, 5, 9, 6, 1, 2, 9, 3]
fib 474: [5, 1, 3, 6, 3, 7, 2, 0, 7, 6, 7, 7, 4, 5, 0, 2, 4, 6, 1, 2, 5, 7, 6, 0, 8, 5, 7, 0, 2, 3, 4, 4, 6, 8, 9, 3, 1, 8, 6, 4, 8, 1, 6, 6, 8, 0, 7, 5, 1, 1, 6, 3, 7, 3, 2, 4, 6, 3, 2, 1, 6, 4, 1, 9, 3, 7, 1, 4, 4, 9, 9, 3, 8, 6, 9, 2, 6, 6, 5, 2, 4, 8, 4, 9, 6, 9, 2, 7, 9, 0, 5, 9, 5, 7, 3, 8, 2, 3, 2]
fib 475: [8, 3, 1, 0, 8, 2, 4, 5, 9, 9, 0, 8, 7, 0, 2, 9, 3, 5, 2, 9, 3, 9, 5, 5, 7, 8, 4, 7, 0, 1, 1, 2, 0, 9, 9, 3, 7, 0, 4, 3, 6, 9, 0, 2, 8, 2, 0, 0, 6, 5, 1, 6, 1, 3, 8, 5, 9, 9, 7, 2, 8, 3, 0, 0, 8, 0, 7, 3, 9, 9, 8, 0, 5, 4, 1, 0, 6, 5, 5, 4, 4, 6, 7, 4, 8, 1, 2, 0, 3, 4, 1, 5, 1, 6, 9, 9, 5, 2, 5]
fib 476: [1, 3, 4, 4, 7, 1, 9, 6, 6, 7, 5, 8, 6, 1, 5, 3, 1, 8, 1, 4, 1, 9, 7, 1, 6, 6, 4, 1, 7, 2, 4, 5, 6, 7, 8, 8, 6, 8, 9, 0, 8, 5, 0, 6, 9, 6, 2, 7, 5, 7, 6, 7, 9, 8, 7, 1, 0, 6, 2, 9, 4, 4, 7, 2, 0, 1, 7, 8, 8, 4, 9, 7, 4, 4, 1, 0, 3, 3, 2, 0, 6, 9, 5, 2, 4, 5, 0, 4, 8, 2, 4, 7, 4, 7, 4, 3, 7, 7, 5, 7]
831082459908702935293955784701120993704369028200651613859972830080739980541065544674812034151699525 is the 475 fibonacci number and the largest fibonacci number that is 100 digits long
